AK     626932    626932    626932   86   17    2      72.96     120.34      203.02      323.36   21125509     786625     578946    1189989    23681069   10994829    3692339   14687168    2620691    5640965    22948824     242415    2264437      87327     100849       6990    142241    2830707     336494    3628424   25196   30838  1310618   131583     184833     654367       3284   274   401    1094607/200006/200102200208 0 0 0 0 0 0 0 0 0 0 0 0 0 1 1 1 1 1 1 1 1 1 1 1 0 1 1 1 0 0 1 1 0 0 0 0 0 0 0 0 0 0
AL    4447100   4447100   4447100  206   77   17     241.59     649.64      895.30     1544.94   56666450    4239309     832520    6393373    68131652   35169146    7551326   42720472    9855806   14278491    66854769    3758519    8801051     269370     244357      16466    583883   12383721    2608343   15988105   27082   39731  5451399   720601     432876    1037481       8194  1187  1527    3260710/200009/200101200205 0 0 0 0 0 0 0 0 0 0 0 0 0 1 1 1 0 0 1 1 1 0 0 0 0 1 1 0 1 1 1 1 0 0 0 0 1 0 1 0 0 0
AR    2608284   2562636   2673400   40  169    5      85.91     222.22      551.17      773.39   31574135    4105742      71910    2952465    38704252   16648305    3916623   20564928    5875127    7479551    33919606   26502523    5497302     111876     100863      10144    387944    7102954    1439628   10451805   23962   21043  2872869   302038     185727    1041575       5012   564   926       -101/200112/200105200205 0 0 0 0 1 1 1 1 1 1 1 1 1 1 1 1 1 1 1 1 1 1 1 1 1 1 1 1 1 1 1 1 0 1 1 1 1 1 2 0 0 0
AZ    5120862   5120862   5130632   28  148   15     460.50     573.80     1366.11     1939.91  112443300     652230     682284    4507865   118285679   56739399   12454235   69193634   18063165   24541610   111798409    3773854    8759893     364475     484152      23104    395572   20947010    4551334   33066228  113276   97356 11842106   775082    2481974    4002703      38464  1667  1929   11594407/200006/200104200206 0 0 0 0 0 0 0 0 0 0 0 0 0 0 0 0 0 0 0 0 0 0 0 0 0 0 1 1 1 1 1 0 0 1 1 1 0 0 1 0 0 0
CA   34799920  34799920  34818000  166  897   61    3195.83    3416.88     8265.62    11682.50  752942626   77455602    3832222   55957721   890188171  427633567  101641984  529275551  103835565  174563057   807674173   83459280   67219100    2733802    2095362     154988   2232077  135755989   37549567  172337280 1121150 1007500 70129714  4951451    8331765   20471332     109780  7698  9722   14201007/200006/200106200208 0 0 0 0 1 1 1 1 1 1 1 1 1 1 1 1 1 1 1 1 1 1 1 1 1 1 1 1 1 1 1 1 0 1 1 1 1 1 1 0 0 0
CO    4241488   4186621   4301261  105  138   14     510.17     778.84     1621.01     2399.85  147288737    4080055     219062   16322365   167910219   77319341   16956727   94276068   25944922   32244387   152465377   20486899   11070938     488713     440654      28187    537993   26612607    5930047   43460273  199270  183200 15851430   945363     805760    2906101      20046  2132  2150    7774401/200112/200108200207 0 0 0 0 1 0 0 0 0 1 1 1 0 0 0 0 0 1 0 1 1 0 0 0 1 0 1 0 1 1 0 1 0 1 0 1 0 0 1 0 0 0
CT    4162905   3405565   3405565  194   48    7     715.42     962.92     1361.90     2324.82  117826463    2082048     272008   26412004   146592523   82178825    9550761   91729586   18320910   24487809   134538305   12663510   14109236     531373     519294      33308    558258   20727240    3876674   28454915  305458  303451 10575803  1140223    1514063    5321730      20189  1810  1440   10900307/200006/200109200201 0 0 0 0 1 1 1 1 1 1 1 1 1 1 1 1 1 1 1 1 1 1 1 1 1 1 1 1 1 1 1 1 0 1 1 1 1 1 1 0 0 0
DC     571822    571822    571822    1   26    1     104.00     146.00      204.00      350.00   26983860          0     550000    1041268    28575128   16978098    2739185   19717283    2609378    4896267    27222928     449697    2471510     298035      17320       4463     67335    2016726    1204008    1190610    4941     197   378288   115439          0     242453         20   261   214       -110/200009/200111200202 0 0 0 0 0 0 0 0 0 0 0 0 0 0 0 0 0 0 0 0 0 0 0 0 0 0 0 0 0 0 0 0 0 0 0 0 0 0 2 0 0 0
DE     783600    783600    783600   37    0    0      48.94      82.16      159.60      241.76   11120306    2906304      93393    1939218    16059221    7372745    1736736    9109481    2301109    3346406    14756996    2089174    1468229      60193      50227       5708     88574    2708739     563123    4542564  155417  140845  1714435   175358      39771     243353       2884   187   189     673107/200006/200110200202 0 0 0 0 1 0 0 0 0 0 0 0 0 0 0 0 0 0 0 0 1 1 1 1 1 1 1 1 1 1 1 0 0 1 1 1 1 1 1 0 0 0
FL   16552294  16306737  16331739   56  417   32    1593.10    1972.22     4354.99     6327.21  322484003   34695665    2988246   22941500   383109414  162973359   43282988  206256347   59678269   84316046   350250662   47678224   29825519    1317007    1200337      69052   1156604   59418530   23946115   81334436  253910  218302 24496718  2431690    4440446   11191577      65446  4875  5791   21888410/200009/200112200205 0 0 0 0 1 1 1 1 1 1 1 1 1 1 1 1 1 1 1 1 1 1 1 1 1 1 1 1 1 1 1 1 0 1 1 1 1 1 1 0 0 0
GA    7807700   7807700   7807700   57  309   28     633.91     678.91     2024.97     2703.88  113614347   28282519    2031300   11939901   155868067   75966303   21820317   97786620   19248277   27961629   144996526   13685758   15143091     401186     396470      29265    822259   25144866    7173688   36229498   16197   24224 14098426  1266444     748199    1272788      24468  2407  4207   13524707/200006/200113200205 0 0 0 0 0 0 0 0 0 0 0 0 0 0 0 0 0 0 0 0 0 0 0 0 0 0 0 0 0 0 1 1 0 0 0 1 0 0 0 0 0 0
GU     154623    154623    154623    1    5    1       1.00       1.00       23.00       24.00    1159632          0      53546          0     1213178     773717     128275     901992          0     204094     1106086          0     228881        619       5023        400      5955      69893       6597      32667       0       0    23406     2239          0          0          0    13     5      18410/200009/200166200209 0 0 0 0 0 0 0 0 0 0 0 0 0 0 0 0 0 0 0 0 0 0 0 0 0 0 0 0 0 0 0 0 0 0 0 0 0 0 0 0 0 0
HI    1211537   1211537   1211537    1   49    4     160.00     160.00      360.05      520.05          0   21504399     894844    1477091    23876334   15781116     185423   15966539    3407950    4817900    24192389     318914    3195040     185468      58291       5881     98853    5558072    1014000    6747271     232     535  2469959   207278     251645    1456250       2996    44   200       -107/200006/200115200208 0 0 0 0 0 0 0 0 0 0 0 0 0 0 0 0 0 0 0 0 0 0 0 0 0 0 0 0 0 0 0 0 0 0 0 0 0 0 2 0 0 0
IA    2921086   2921086   2926324  537   24    6     227.32     830.98      732.70     1563.68   63979460    2235652     581617    6473532    73270261   36864990    7841289   44706279   11729008   14351671    70786958   26703485   11450210     445840     401823      40780    944280   14837278    2126879   25498066  140912  131447  9366979   868155     390554    1512531      14689  1195  1741    6267507/200006/200119200204 0 0 0 0 0 1 1 1 1 1 1 1 1 1 1 1 1 1 1 1 1 1 1 1 1 1 1 1 1 1 1 1 0 1 1 1 1 1 1 0 0 0
ID    1135799   1135799   1321006  104   39    7      49.30     178.68      398.28      576.96   21846766     737153     177259    3025941    25787119   12447374    3257229   15704603    3273115    5645797    24623515    1797242    3577321     125785     103180       8091    246243    6205756     811585    8722757   22673   31880  3616416   286050     147475     702452       3227   486   706    1386810/200009/200116200207 0 0 0 0 1 1 1 1 1 1 1 1 1 1 1 1 1 1 1 1 1 1 1 1 1 1 1 1 1 1 1 1 0 1 1 1 1 1 1 0 0 0
IL   11319616  11319616  11319616  629  157   25    1673.03    2706.30     4591.58     7297.88  417936434   37444690    2850406   54109465   512340995  232483474   40434716  272918190   64910599   90037904   427866693  107029221   41620405    1991363    1309304     119878   1930274   60690394   16638482   83703270 1504884 1452020 34893038  2517486    5257366   16013563     411704  6412  4298       -107/200006/200117200203 0 0 0 0 1 1 1 1 1 1 1 1 1 1 1 1 1 1 1 1 1 1 1 1 1 1 1 1 1 1 1 1 0 1 1 1 1 1 2 0 0 0
IN    5796333   5674751   6080485  239  191   38     866.97    1328.36     3057.67     4386.03  209739626   19947151     783704   14772642   245243123  108847233   24664924  133512157   38302919   59886026   231701102   37985997   22144514    1145778    1068092      63699   1118144   33424675    7396684   62744242  112508   98259 21036548  1547537    2833888    8835648      72436  3836  3959    7489901/200112/200118200203 0 0 0 0 0 0 0 0 0 0 0 0 0 0 0 0 0 0 0 1 0 1 0 0 0 1 1 1 1 1 1 1 0 0 1 1 0 0 1 0 0 0
KS    2238525   2233737   2687896  320   53    5     249.85     509.12     1226.04     1735.16   66793852    1869641     607293    7821303    77092089   36763142    7132490   43895632   12331033   17842755    74069420    9771414   10438499     338652     411333      25347    655604   12181398    2691269   21487895  262796  245967  8758611   559958    1118697    1653307      21061  1550  1579    2536001/200112/200120200204 0 0 0 0 1 1 1 1 1 1 1 1 1 1 1 1 1 1 1 1 1 1 1 1 1 1 1 1 1 1 1 1 0 1 1 1 1 1 1 0 0 0
KY    4004942   4004942   4041769  116   73   94     188.08     782.70      765.16     1547.86   65957839    5033307     458043    8424595    79873784   32511779    7217345   39729124   11530716   19161184    70421024    6131801    7890840     269246     224594      16438    608579   13639105    1960768   20807380   25329   40195  6418665   718963     608588    2438619      12326  1224  1959    3727507/200006/200121200205 0 0 0 0 0 0 0 0 0 0 0 0 0 0 0 0 0 0 0 0 0 0 0 0 0 1 1 0 0 0 0 0 0 0 0 1 1 0 1 0 0 0
LA    4476773   4468976   4468976   65  264   30     339.53     816.69     1269.61     2086.30   96308990    6817281     107203    8834417   112067891   46074642   10516066   56590708   12862268   28642522    98095498   11838829   10850208     229566     309400      30732    700194   12936924    4636923   18376423   47256   74847  5384466   743437     194350    2996740      13127  1611  2018    4591601/200112/200122200205 0 0 0 0 0 0 0 0 0 0 0 0 0 0 0 0 0 0 0 0 0 0 0 0 0 0 0 0 0 0 0 0 0 0 0 0 0 0 0 0 0 0
MA    6347970   6347970   6349097  371  119   10    1104.88    1803.13     2164.84     3967.97  178582895   20725322    1106903   20095045   220510165  137879739    4310183  142189922   35898199   31921557   210009678   51405208   30465239     857608     742210      87339    972332   33242925    5506424   45803346 1624868 1644440 18022252  1417764     391520    5903279      38549  3258  3203    8830607/200006/200125200201 0 0 0 0 1 1 1 1 1 1 1 1 1 1 1 1 1 1 1 1 1 1 1 1 1 1 1 1 1 1 1 1 0 1 1 1 1 1 1 0 0 0
MD    5250725   5167300   5167300   17  158   19     606.88    1141.23     1880.07     3021.30  128089324   24406385    1853934   28589959   182939602   93566334   26336034  119902368   30278426   27197721   177378515   15384723   15322580     774393     442894      30441    477265   26090886    7170600   46595277  142778  181927 18573518   792910    2216390    5322373       5128  2576  2494    4670207/200006/200124200202 0 0 0 0 0 0 0 0 0 0 0 0 0 0 0 0 0 0 0 1 0 0 0 0 0 1 0 0 0 0 0 0 0 1 1 1 1 1 1 0 0 0
ME    1177647   1177647   1274923  273    7    0     141.59     304.72      384.88      689.60   20376006     173749       1338    7434064    27985157   14871608    2252550   17124158    3976749    5534990    26635897    2851188    5890697     125996     134918      11937    357223    5766141     910318    8154868   45906   49653  3082875   254461     110163     295170       2320   647   941    1485801/200112/200123200201 0 0 0 0 0 1 1 1 1 1 1 1 1 1 1 1 1 1 1 1 1 1 1 1 1 1 1 1 1 1 1 1 0 1 1 1 1 1 1 0 0 0
MI    9952761   9925966   9938444  376  278   17    1236.04    1773.86     2910.16     4684.02  277857060   16030651     548098   34847541   329283350  129955554   34671939  164627493   36115195   84700004   285442692   34225917   27187769    1445295     838744      77609   1380032   39674536    7578783   51773196 1448510 1449200 19214016  1357679    2161144    9855895      78238  4095  5100   32186312/199909/200126200203 0 0 0 0 0 0 0 0 0 0 0 0 0 0 0 0 0 0 0 0 0 0 0 0 0 1 1 0 0 0 1 1 0 0 0 0 0 0 1 0 0 0
MN    5760081   4919479   4919479  127  232   17     456.00     769.54     1619.94     2389.48  128971606   10009962     642353    9796135   149420056   79980187   20546468  100526655   19756209   24929805   145212669    1958347   14413604     651282     488211      38045    697300   21218684    5287500   43843198  387150  363868 18159368   846598     954098    3136889      16510  2294  2119       -101/200112/200127200204 2 2 2 2 2 2 2 2 2 2 2 2 2 2 2 2 2 2 2 2 2 2 2 2 2 2 2 2 2 2 2 2 2 2 2 2 2 2 2 2 2 2
MO    5128350   5109637   5595211  147  216   30     374.31     752.76     1946.10     2698.86  131214155    3953946    1888194   16671843   153728138   65930935   14491587   80422522   25901616   27046601   133370739   16782662   18716205     674057     413394      45720    896142   22319720    5899582   38767468  110575  134519 15692906   902633    2183106    2546347      16995  1982  2950    2649907/200006/200129200204 0 0 0 0 1 1 1 1 1 1 1 1 1 1 1 1 1 1 1 1 1 1 1 1 1 1 1 1 1 1 1 1 0 1 1 1 1 1 1 0 0 0
MP         -1        -1        -1   -1   -1   -1      -1.00      -1.00       -1.00       -1.00         -1         -1         -1         -1          -1         -1         -1         -1         -1         -1          -1         -1         -1         -1         -1         -1        -1         -1         -1         -1      -1      -1       -1       -1         -1         -1         -1    -1    -1       -1-1     -1     69200209 3 3 3 3 3 3 3 3 3 3 3 3 3 3 3 3 3 3 3 3 3 3 3 3 3 3 3 3 3 3 3 3 3 3 3 3 3 3 3 3 3 3
MS    2789058   2787083   2787083   48  189    2     128.00     376.00      826.00     1202.00   26669281    7084146     746019    2893257    37392703   17707719    4812875   22520594    4767548    6925759    34213901    3532410    5614694     137698     168070      10931    453755    8004799    1299751    8898303   10095   24130  2379346   333633     439714     948341       7160   777  1262    2185110/200009/200128200205 0 0 0 0 0 0 0 0 0 0 0 0 0 1 1 1 0 0 0 0 0 0 0 1 0 0 1 0 0 0 0 0 0 1 0 1 0 0 0 0 0 0
MT     900302    900302    900302   79   28    4      37.00     166.15      154.44      320.59   13050054     343959      49176    1981473    15424662    6812417    1790923    8603340    1740528    2436541    12780409     493253    2625427      61599      62333       5533    180440    3506152     497714    4812475   16365   27083  1612198   131613      53498     612811       3405   289   450    1466307/200006/200130200207 0 0 0 0 0 0 0 0 0 0 0 0 0 0 0 0 0 0 0 0 0 0 0 0 0 0 1 0 0 0 1 0 0 0 0 0 0 0 1 0 0 0
NC    8085844   8085484   8085484   65  314   47     612.33     647.08     2255.97     2903.05  121187980   17909526    1334028   15942994   156374528   75905044   18290072   94195116   22617234   28631853   145444203    8896468   15915701     520989     438347      36802    972081   29107134    7252432   43313231   54332   58783 15328293  2218357    1041224    4759379      68331  2062  3403   13443807/200006/200137200205 0 0 0 0 0 0 0 0 0 0 0 0 0 0 0 0 0 0 0 1 0 1 1 0 0 1 1 0 1 1 0 0 0 1 1 1 0 0 1 0 0 0
ND     551335    551335    642200   81    8   14      21.85     105.10       96.98      202.08    6752722     565108      75047    1444605     8837482    4260434     692011    4952445    1606931    1625599     8184975    1191998    2157562      61378      50612       4472    137374    2204420     385450    3936694   44788   28374  1598609   309335      83683     136924       7120   143   238     892101/200112/200138200204 0 0 0 0 1 0 0 0 0 0 0 0 0 0 0 0 0 0 0 0 0 0 1 1 0 1 1 1 1 1 1 1 0 0 0 0 0 0 1 0 0 0
NE    1384890   1315084   1711263  272   17    9     113.00     405.99      358.44      764.43   34282570     510722     289249    1953458    37035999   18244147    4127922   22372069    6636145    6038817    35047031    9003092    6004462     208610     174515      16083    413514    6744232    1076533   11365688   25011   28836  5097520   344149     533083    1114045      15442   645   966    1316012/200012/200131200204 0 0 0 0 1 1 1 1 1 1 1 1 1 1 1 1 1 1 1 1 1 1 1 1 1 1 1 1 1 1 1 1 0 1 1 1 1 1 1 0 0 0
NH    1354372   1224325   1235786  229    9    2     144.35     411.08      305.35      716.43   31853470      35170      50375    3636073    35575088   19796440    3432328   23228768    5141744    6182586    34553098    5266504    5571768     171802     157756      15933    371820    5767818     903010    8646748   79522   84691  3607485   365820     345508     744243      17902   679   587    2610607/200012/200133200201 0 0 0 0 1 1 1 1 1 1 1 1 1 1 1 1 1 1 1 1 1 1 1 1 1 1 1 1 1 1 1 1 0 1 1 1 1 1 1 0 0 0
NJ    9063838   8336427   8414365  309  149   15    1480.50    1493.50     3555.20     5048.70  287538037    9730286    1509204   17112812   315890339  165877656   41981038  207858694   40443955   56811723   305114372   16251665   31035364    1076191     789403      63853   1170922   41291889    7291936   49171282  495612  473731 18406155  1665468    2749143    9016108      42762  3816  3583   14222201/200112/200134200202 0 0 0 0 1 1 1 1 1 1 1 1 1 1 1 1 1 1 1 1 1 1 1 1 1 1 1 1 1 1 1 1 0 1 1 1 1 1 1 0 0 0
NM    1563543   1563543   1819046   80   21    3      97.15     244.92      365.24      610.16   26197016     505769     219203    1962783    28884771   14328659    4290570   18619229    4434986    4846729    27900944     797497    4131785      91148      64401       6633    228325    5514148    1109915    7715846   19616   22462  2591159   313113     220426     721455       3517   367   587    1747907/200006/200135200206 0 0 0 0 1 1 1 1 1 1 1 1 1 1 1 1 1 1 1 1 1 1 1 1 1 1 1 1 1 1 1 1 0 1 1 1 1 1 1 0 0 0
NV    2000929   1998257   1998257   20   67    4     145.25     199.77      569.11      768.88   41682938     519611     781791   19903833    62888173   26423026    7221530   33644556    8983293   10331040    52958889    3824515    4381675     209016     147586       8601    164986    7775629    1356954   10206430   17419   20739  3101545   487496     637249    1863918      27105   540   611    1366007/200006/200132200208 0 0 0 0 0 0 0 0 0 0 0 0 0 0 0 0 0 0 0 0 0 0 0 0 0 0 0 0 0 0 1 1 0 0 0 0 0 0 1 0 0 0
NY   18913220  17699816  18976457  749  340   10    3596.87    4241.29     8712.02    12953.31  703533573   51055225    3980716  144176715   902746229  445936308  102947104  548883412  112396756  166673577   827953745   19560979   78546016    4370811    2115239     243932   2290068  105092007   31682761  126795841 2680173 2705694 42987432  3602385    3913971   12842867     664536  8924  9263   43109203/200012/200136200202 0 0 0 0 0 0 0 0 0 0 0 0 0 0 0 0 0 0 0 0 0 0 0 0 0 1 0 0 1 1 1 1 0 1 1 0 0 0 1 0 0 0
OH   11353140  11353140  11353140  244  472   66    1922.98    2756.79     7077.81     9834.60  126451764  499124234    1084832   55750945   682411775  288818605   70395064  359213669  108793374  117586154   585593197  129599308   47087657    3417565    2716286     122317   2581735   71467609   17955833  156526822 1491118 1557324 51280467  3545753    6181552   15484061     126926  6455  6738   45287801/200112/200139200203 0 0 0 0 0 0 0 0 0 0 0 0 0 0 0 0 0 0 0 0 0 1 1 0 0 1 1 0 1 1 1 1 0 1 1 1 1 1 1 0 0 0
OK    2857513   2828063   3450654  115   95    5     200.86     488.09      594.54     1082.63   55760624    1792116     312672    5574908    63440320   27100494    7550731   34651225    9171842   12599576    56422643    4020524    6315728     173634     150672      12864    542277   13159707    2111611   15354491   35691   43627  5671927   523923     316527    1024289       6127  1104  1408    6724607/200006/200140200206 0 0 0 0 1 1 1 1 1 1 1 1 1 1 1 1 1 1 1 1 1 1 1 1 1 1 1 1 1 1 1 1 0 1 1 1 1 1 1 0 0 0
OR    3110131   3110131   3436750  121   89    9     356.84     512.41     1194.86     1707.27  103135245     729357    1151264    7456675   112472541   53351268   19453797   72805065   15293980   27224896   115323941   17612422    8475915     472597     359249      24160    422104   18442857    2555926   38046679 1437394 1463787 12303021   911816     643753    3004821      12139  1543  1260    3920807/200006/200141200208 0 0 0 0 1 0 0 0 1 1 0 1 1 1 1 1 1 1 1 1 1 1 1 1 1 1 1 1 1 1 1 1 0 1 1 1 0 0 1 0 0 0
PA   12110507  12023058  12281054  455  181   35    1116.59    1626.08     3377.30     5003.38  159658335   73274433    2705109   42143954   277781831  133010859   33912816  166923675   42894393   63216891   273034959   22227478   28061373    1957244     830602      76677   1542565   39867129    9212927   56929435 1031739  940019 21910466  2057223     363171   13408319      29146  4116  5780   14991206/200012/200142200202 0 0 0 0 1 0 0 0 0 0 0 0 0 0 1 1 0 0 1 0 0 1 1 1 0 1 1 0 1 1 1 1 0 1 0 0 1 1 1 0 0 0
PW         -1        -1        -1   -1   -1   -1      -1.00      -1.00       -1.00       -1.00         -1         -1         -1         -1          -1         -1         -1         -1         -1         -1          -1         -1         -1         -1         -1         -1        -1         -1         -1         -1      -1      -1       -1       -1         -1         -1         -1    -1    -1       -1-1     -1     70200209 3 3 3 3 3 3 3 3 3 3 3 3 3 3 3 3 3 3 3 3 3 3 3 3 3 3 3 3 3 3 3 3 3 3 3 3 3 3 3 3 3 3
RI    1286193   1048319   1048319   48   24    2     187.63     217.48      413.12      630.60   22870734    6030908     172128    7304133    36377903   19348901    4057225   23406126    4364642    7430542    35201310   11818596    3996597     109245     117009       7755    184720    5638466     884998    6626729  571336  570819  2319919   199178     360694    1338477       5693   487   558    1890107/200006/200144200201 0 0 0 0 1 1 1 1 1 1 1 1 1 1 1 1 1 1 1 1 1 1 1 1 1 1 1 1 1 1 1 1 0 1 1 1 1 1 1 0 0 0
SC    4034771   4012012   4012012   40  143   35     366.14     484.24     1058.25     1542.49   64386975    6989830     648157    3804474    75829436   37584423    9607030   47191453   13832990   14057885    75082328   10131834    8260476     279806     234334      20120    457178   14310929    4349982   18166465   11495   37264  7031139   556284     749140    2578352      30219  1387  1918    5052607/200006/200145200205 0 0 0 0 0 0 0 0 0 0 0 0 0 0 0 0 0 0 0 0 0 0 0 0 0 1 0 0 1 0 1 0 0 0 0 0 0 0 0 0 0 0
SD     604790    595026    754844  126   19    7      35.34     134.53      208.27      342.80   13824912          0     166570     996525    14988007    7596428    1659471    9255899    2240481    2258956    13755336     762895    2834695      76569      71052       6900    205519    3294686     537439    4773212   28321   43223  1627546   175492      64944     353676       5055   278   441     860101/200112/200146200204 0 0 0 0 1 1 1 1 1 1 1 1 1 1 1 1 1 1 1 1 1 1 1 1 1 1 1 1 1 1 1 1 0 1 1 1 1 1 1 0 0 0
TN    5558689   5483535   5555843  184  101    2     278.21     603.15     1213.15     1816.30   66992589    1482696     438202    6877851    75791338   39655900    7180165   46836065   12089906   14507577    73433548   45462805   10080379     335453     298615      19544    600152   16307206    3891329   21227230   35881   31571  7912546   685753     329510     826466       8998  1378  2222    7739107/200006/200147200205 0 0 0 0 0 0 0 0 0 0 0 0 0 1 1 0 1 1 1 1 0 0 0 0 0 1 1 0 0 0 1 1 0 1 1 0 0 0 1 0 0 0
TX   19355232  19355232  20851820  540  285   15    1472.66    2014.37     4396.65     6411.02  301688665    1671546    3128674   12865488   319354373  164083810   43567171  207650981   47678837   54710375   310040193   42137641   35725035    1350093    1138733      87854   1746768   55280025   16510209   81504565  221998  223605 31150576  2888765    2582810    9530272      99883  6062  9071   21257302/200012/200148200206 0 0 0 0 1 1 1 1 0 0 0 0 0 1 0 1 0 1 1 0 0 1 1 0 1 1 1 1 1 0 1 1 0 1 1 1 1 1 1 0 0 0
UT    2233169   2233169   2233169   51   56   25     146.68     270.37      712.08      982.45   52599890     907973     354249    3052758    56914870   27415752    9086312   36502064   11343275    9196489    57041828    2892562    6064302     370910     253464      13082    272791   11669852    3120781   24591944   21453   23026 10517206   353512     308154     991545      25217   688   728    7241907/200012/200149200207 0 0 0 0 0 0 0 0 0 0 0 0 0 0 0 0 0 0 0 0 0 0 0 0 1 1 1 0 0 1 1 1 0 0 0 0 0 0 1 0 0 0
VA    7073662   7073662   7078515   79  259   35     768.89     921.68     2383.06     3304.74  163646917   21181320    1383963   13445469   199657669   98610750   21487280  120098030   32146671   41418989   193663690   21073864   18659425     809506     448179      44225    902876   29830824    7716902   56075256   59304   83397 20169122  1228357    2249643    5803380      12876  3001  2726    3240607/200006/200151200205 0 0 0 0 0 0 0 0 0 0 0 0 0 0 0 0 0 0 0 0 0 1 1 0 0 1 1 0 1 1 1 1 0 1 1 1 0 0 1 0 0 0
VI     108612    108612    108612    0    5    1       7.00       7.00       31.00       38.00    2520643          0      92394          0     2613037    1550312     487684    2037996     182076     300571     2520643          0     170074         -1        463        230      7520      25000       1300      11713       0       0     3449      450          0          0          0    16    33       -110/200009/200178200209 0 0 0 0 0 0 0 0 0 0 0 0 0 0 0 0 0 0 0 0 0 0 0 0 0 0 0 0 0 0 0 0 0 0 0 0 0 0 0 0 0 0
VT     668916    576814    608827  187    3    8      41.98     177.21      120.48      297.69    9322690      39597          0    4046094    13408381    7811765    1207333    9019098    1941513    2960720    13921331    5247299    2731174      78131      65057       8247    240403    2982449     426523    3841638   21271   42833  1669248   169536      35939     168075       2729   270   433    2564101/200006/200150200201 0 0 0 0 0 1 1 1 1 1 0 1 1 1 1 1 1 1 1 1 1 1 1 1 1 1 1 1 1 1 1 1 0 1 1 1 1 1 1 0 0 0
WA    5842033   5842033   5974900   55  265   19     740.84     830.35     2411.39     3241.74  220927125    1489256     773007    9972878   233162266  118537825   31849431  150387256   30760013   35689459   216836728   10783441   17003071     922560     671405      46075    712963   27488944    8074499   56298043  148189  152014 17750244  1084995    4484488    5166766      29814  3216  2796    4369601/200112/200153200208 0 0 0 0 1 0 0 0 0 1 0 1 1 0 0 0 1 0 1 0 0 0 0 1 0 1 1 0 1 1 1 1 0 1 1 1 1 0 1 0 0 0
WI    5400449   5400449   5400449  376   79   11     624.26    1171.24     1782.34     2953.58  149637178    5311242     838931   11082930   166870281   82918107   26446988  109365095   22603158   29292226   161260479   19356284   18646990     844091     857229      60538   1006137   30861358    5360771   49767654 2792063 2587367 18864163  1217750    1036438    5019697      46431  2786  2876   12195301/200112/200155200203 0 0 0 0 0 0 0 0 0 0 1 0 1 0 0 0 0 0 0 1 1 1 1 1 0 1 1 1 1 1 1 1 0 1 1 1 1 1 1 0 0 0
WV    1794416   1793477   1793477   97   80    7      86.01     314.19      375.12      689.31   15287150    8302109     336103    2919007    26844369   12143298    3320605   15463903    4218993    5114376    24797272    3403613    4919595     150618     126176       7743    358823    6026667    1429507    7868127   20553   40479  2347998   300820     109801     291894      10547   574   879    2082107/200006/200154200205 0 0 0 0 0 0 0 0 0 1 0 1 1 0 0 0 0 0 0 1 0 0 0 0 0 1 0 0 1 1 1 1 0 1 1 0 0 0 1 0 0 0
WY     493782    493782    493782   23   51    4      35.40     152.42      196.21      348.63   14426888       4678      73268    1235218    15740052    8016648    2438207   10454855    1578967    2817779    14851601    1094899    2414874      77970      65401       5073    124819    2650387     406475    3757449   22477   20541  1291376   153476      54988     362917       7638   293   251     945507/200006/200156200207 0 0 0 0 0 0 0 0 0 0 0 0 0 0 0 0 0 0 0 0 0 0 0 0 0 0 0 0 0 0 0 0 0 0 0 0 0 0 1 0 0 0
