AK     622000    622000    622000   86   17    2      71.55     114.05      190.84      304.89   19688859     928703     920020    1080176    22617758   10366910    3435501   13802411    2676289    5424065    21902765    6246045    2157587      79898      77208       6787    139223    2885211     419647    3833762   20118   29804  1373122   177846     292108     743146       2212   221   564       -107/199806/199902200008 0 0 0 0 0 0 0 0 0 0 0 0 0 0 0 0 0 0 0 0 1 1 1 1 0 1 1 0 1 1 1 0 0 1 1 1 1 1 2
AL    4385535   4351999   4351999  198   78   17     226.44     611.97      886.97     1498.94   50758811    4593541     891122    6168233    62411707   31655381    6381269   38036650    9730460   12940462    60707572    5343160    8537168     234437     194365      16918    591323   13906111    2439605   15783198   27951   37255  5323549   321583     493304    1003106       7347   826  1101       1110/199809/199901200005 0 0 0 0 0 0 0 0 0 0 0 0 0 1 1 0 1 1 0 1 1 1 1 1 1 1 1 1 1 1 1 1 0 1 0 1 1 1 1
AR    2447441   2440069   2538303   38  163    8      85.76     215.63      541.62      757.25   29176180    3990040      15577    2735633    35917430   14648757    3084976   17733733    5315061    9734696    32783490    4330363    5280741      87211      67719      10646    373675    6196590    1164111    9675890   21734   18969  2839212   277965     410149    1576453       4263   434   687       -101/199912/199905200005 0 0 0 0 1 1 1 1 1 1 1 1 1 1 1 1 1 1 1 1 1 1 1 1 1 1 1 1 1 1 1 1 0 1 1 1 1 1 2
AZ    4670643   4587733   4678500   34  134   17     414.35     532.60     1254.25     1786.85   94381506     556103    1500230    2068634    98506473   47553583   11749295   59302878   15170959   19899930    94373767   13808923    8735180     280875     220729      21107    377607   19813512    4953411   28664776  114375   94652  9850594   796998    1346144    2210754      17192  1322   840       -107/199806/199904200006 0 0 0 0 1 1 1 1 1 1 1 1 1 1 1 1 1 1 1 1 1 1 1 1 1 1 1 1 1 1 1 1 0 1 1 1 1 1 2
CA   33755460  33755460  33773000  165  894   55    3020.36    3225.68     7755.61    10981.29  644402335   51096822    3150105   45778623   744427885  365387650   94882231  460269881   86447988  150785296   697503165   37559177   64844471    2138047    1396176     141460   2096356  130204608   37237495  163760399 1054096  897070 64101935  4487426    5350492   16244320      83801  5189  4450       -107/199806/199906200008 0 0 0 0 1 1 1 1 1 1 1 1 1 1 1 1 1 1 1 1 1 1 1 1 1 1 1 1 1 1 1 1 0 1 1 1 1 1 2
CO    4041796   3995550   4154269  106  140   12     496.17     715.93     1592.62     2308.55  128163991    2585347     370010    9418212   140537560   64139703   13985041   78124744   20477003   23292780   121894527   18008216   10659670     374219     312435      24125    531281   21745091    5622672   37778894  137034  151133 14274943   765735     668427    2297665      14746  1432  1152        001/199912/199908200007 0 0 0 0 0 0 0 0 0 1 1 0 0 0 0 0 0 0 0 1 0 0 0 0 0 0 0 0 0 0 0 1 0 0 1 1 0 0 1
CT    4005746   3282031   3282031  194   48    6     699.70     982.86     1330.30     2313.16  109499394    2534663     342965   21171350   133548372   75655918    7649979   83305897   17025882   25610340   125942119   10169272   14518496     425913     406560      37113    559316   20388682    4041562   27583894  282961  270029 10278452   889060    1333994    5186900      16532     0     1        007/199806/199909200001 0 0 0 0 1 1 1 1 1 1 1 1 1 1 1 1 1 1 1 1 1 1 1 1 1 1 1 1 1 1 1 1 0 1 1 1 1 1 1
DC     519000    519000    519000    1   26    1     133.00     162.00      244.00      406.00   22326000          0     810419    1176503    24312922   14317103    2428932   16746035    2479630    4165311    23390976     106490    2344516     264940      14143       3860     64128    1496834    1110599    1418092    6406     422   480998   146515          0     245262          4    56   151       -110/199809/199911200002 0 0 0 0 0 0 0 0 0 0 0 0 0 0 0 0 0 0 0 0 0 0 0 0 0 0 2 0 0 0 0 0 0 0 0 0 0 0 2
DE     661059    661059    753538   29    3    2      37.15      70.70      133.16      203.86    8172228    1160104     161283    1303336    10796951    5506747    1398570    6905317    1715923    2104183    10725423    2418051    1322538      43306      37051       4038     78802    2568965     637063    3821689  112677  108284  1482421   133364      65979     292787        518   126   174     135507/199806/199910200002 0 0 0 0 0 0 0 0 0 0 0 0 0 0 0 0 0 0 0 0 0 0 0 0 0 1 0 0 0 0 0 0 0 0 1 0 0 0 1
FL   15576201  15257347  15322040   64  395   27    1423.02    1729.42     3767.89     5497.31  274503433   32274413    3210798   15660044   325648688  139040518   40161499  179202017   49342979   67252724   295797720   27198816   27036238    1111836    1006584      82608   1069964   51489176   26325120   74332058  153915  187618 20599924  2205686    1511007    5925876      62346  2745  2944    8327510/199809/199912200005 0 0 0 0 1 1 1 1 1 1 1 1 1 1 1 1 1 1 1 1 1 1 1 1 1 1 1 1 1 1 1 1 0 1 1 1 1 1 1
GA    7676784   7676784   7676784   57  309   41     637.77     667.71     2053.59     2721.30   93772252   25814421     222216    6439679   126248568   66792597   18559613   85352210   22547124   23410622   131309956   13344192   14910304     405979     323757      30572    868694   23855545    6343355   35477341   17277   28025 12907248  1227110     842188    2332070      21407    -1    -1       -107/199806/199913200005 0 0 0 0 0 0 0 0 0 0 0 0 0 0 0 0 0 0 0 0 0 0 0 0 0 0 0 0 0 0 1 0 0 0 0 1 2 2 2
GU     153000    153000    153000    1    5    1       1.00       1.00       27.00       28.00    1146916          0     103886          0     1250802     789159     179447     968606      57575     171757     1197938       6550     215323        612       3194        595      9050      46590      32849      42588       0       0    29029     5420          0       1147          3     7     3       9910/199809/199966200009 0 0 0 0 0 0 0 0 0 0 0 0 0 0 0 0 0 0 0 0 0 0 0 0 0 0 0 0 0 0 0 0 0 0 0 0 0 0 0
HI    1193001   1193001   1193001    0   50    6     159.00     159.00      353.10      512.10          0   19769443     852003    1323456    21944902   16415241      89249   16504490    1892206    3354461    21751157     382301    3197585     199398      51136       5378    104805    6143176    1222832    7344856      93      19  2552104   154025     129547     585597       2179   167   180       -107/199806/199915200008 0 0 0 0 0 0 0 0 0 0 0 0 0 0 0 0 0 0 0 0 0 0 0 0 0 0 0 0 0 0 0 0 0 0 0 0 0 0 2
IA    2928378   2926324   2926324  533   24    6     224.42     800.93      716.84     1517.77   58388964    1740951      73840    9543480    69747235   32849612    6181309   39030921   10814571   12563424    62408916   15245221   11674812     380285     321575      38315    891113   14585623    2023504   25009022  140333  115084  9363487   849848     300122     983183      16877   700   915    2976407/199806/199919200004 0 0 0 0 1 1 1 1 1 1 1 1 1 1 1 1 1 1 1 1 1 1 1 1 1 1 1 1 1 1 1 1 0 1 1 1 1 1 1
ID    1054374   1054374   1251700  103   43    6      50.36     170.37      348.64      519.01   18364512     699360     181149    2741629    21986650   10705945    2829477   13535422    3070247    4910207    21515876    7415616    3446561      98660      84458       9096    251075    5706869     879271    8188550   21509   31813  3462857   324384     153509     722704       2382   328   323       -110/199809/199916200007 0 0 0 0 1 1 1 1 1 1 1 1 1 1 1 1 1 1 1 1 1 1 1 1 1 1 1 1 1 1 1 1 0 1 1 1 1 1 2
IL   10722185  10722185  10722185  628  157   26    1632.11    2523.50     4859.55     7383.05  361900347   34528610    2147807   44179416   442756180  210119592   37077498  247197090   59465138   81570586   388232814   84935989   40555868    1771587    1060844     107273   1911636   57783840   16087039   83549213 1367716 1298397 34205239  2433489    4707170   15431976     305700  3916  2371       -107/199806/199917200003 0 0 0 0 1 1 1 1 1 1 1 1 1 1 1 1 1 1 1 1 1 1 1 1 1 1 1 1 1 1 1 1 0 1 1 1 1 1 2
IN    5266795   5140523   5544159  238  185   41     854.05    1306.90     3011.04     4317.94  181107081   17539780    1243335   12558079   212448275   95600473   20479444  116079917   35757740   53301707   205139364   25176023   22566649    1029426     865826      66401   1080937   30340385    7411584   54714030   88657   84206 20321266  1491228    2306854   12502419      48390  2936  2417    4282201/199912/199918200003 0 0 0 0 0 0 0 0 0 0 0 0 0 0 0 0 0 0 0 1 0 0 0 1 0 1 1 1 1 1 1 1 0 0 0 1 0 0 1
KS    2151458   2151458   2629067  316   49    5     212.53     348.75     1219.79     1568.54   53883435    1635884     653839    8514006    64687164   30698459    5588849   36287308    9982978   13542002    59812288   10642223   10125602     289819     319906      26142    629416   11490931    2860590   20502416  194797  175423  8027176   500884     507415    2073505      16236  1251  1045       -101/199912/199920200004 0 0 0 0 1 1 1 1 1 1 1 1 1 1 1 1 1 1 1 1 1 1 1 1 1 1 1 1 1 1 1 1 0 1 1 1 1 1 2
KY    3923822   3923822   3960825  116   74   94     165.60     686.57      782.26     1468.83   57131051    5627720     285812    7930593    70975176   27349106    5929360   33278466    9979448   24116244    67374158    6396012    7700938     205909     170715      13659    612503   12008033    1626640   20092217   22263   38666  6099712   768220     528767    3358460      15240  1004  1490    1718207/199806/199921200005 0 0 0 0 0 0 0 0 0 0 0 0 0 0 0 0 0 0 0 0 0 0 0 0 0 0 0 0 0 0 1 0 0 0 0 1 0 0 1
LA    4338540   4326904   4372035   65  262   32     314.29     694.58     1237.24     1931.82   86801135    7301686     428374    8734297   103265492   41130274    8875541   50005815   11768488   24694598    86468901   11828215   10545665     173811     238379      29503    702960   12885611    4367248   17851898   37117   70005  5262167   734340     117343    3334978      10468  1137  1676    6898901/199912/199922200005 0 0 0 0 0 0 0 0 0 0 0 0 0 0 0 0 0 0 0 0 0 0 0 0 0 0 0 0 0 0 0 0 0 0 0 1 0 0 0
MA    6174032   6174032   6175169  371  119   12    1075.65    1672.29     2101.31     3773.60  158453875   15314002    1325564   17254808   192348249  126261412    3150679  129412091   32692087   25055661   187159839   49410043   30086683     699695     559816      84498    958675   30835002    5715272   46558780 1299428 1331548 17960054  1305711     507471    4751760      26162     0  1954       -107/199806/199925200001 0 0 0 0 1 1 1 1 1 1 1 1 1 1 1 1 1 1 1 1 1 1 1 1 1 1 1 1 1 1 1 1 0 1 1 1 1 1 2
MD    5108500   5108500   5108500   17  161   15     605.94    1112.14     1855.26     2967.40  116151287   22477034    2217377   27070764   167916462   84025503   24817110  108842613   25855492   27984028   162682133    9056790   15129798     676588     375424      26964    463887   27076281    7348837   45505681  112725  124926 18183373   684646    1715731    6906995       1446    -1    -1       -107/199806/199924200002 0 0 0 0 0 0 0 0 0 0 0 0 0 0 0 0 0 0 0 0 0 1 1 0 0 1 1 0 1 1 1 0 0 1 1 1 2 2 2
ME    1114673   1110983   1253040  268    7    0     123.61     286.23      339.30      625.53   17368325     163324          0    7347555    24879204   13221803    1666366   14888169    3566704    4784254    23239127    8751400    5586516      94756     100629      11648    340063    5231011     903660    8049198   34720   46092  3119732   213286     175824     419185       2211   387   529        001/199912/199923200001 0 0 0 0 1 1 1 1 1 1 1 1 1 1 1 1 1 1 1 1 1 1 1 1 1 1 1 1 1 1 1 1 0 1 1 1 0 0 1
MI    9337167   9287608   9295297  381  281   18    1198.64    1694.26     2748.16     4442.42  220335099   15059716    1192395   22554295   259141505  113943388   30840850  144784238   30370409   59941410   235096057   37560171   25959775    1036408     697120      74712   1345191   38458746    7698112   50600627  906583  882609 18545334  1315076    1598432    7059378      36992  2760  2525       -111/199709/199926200003 0 0 0 0 0 0 0 0 0 0 0 0 0 0 0 0 0 0 0 0 0 0 0 0 0 1 1 1 0 0 1 1 0 0 0 0 0 0 2
MN    5721024   4838398   4838398  122  237   17     464.29     759.93     1646.94     2406.87  118528785    7563262    1026561    8632952   135751560   73494002   17043018   90537020   18389585   23171038   132097643   25009421   15317488     616884     367816      41858    733280   21960770    5555978   42223587  373420  334881 17546829   869878     633892    2977839      13433  2158  1932       -101/199912/199927200004 0 0 0 0 0 0 0 0 0 0 0 0 0 0 0 0 0 0 0 0 0 1 1 0 0 1 1 0 1 1 1 1 0 1 1 1 0 0 2
MO    4769242   4720425   5468338  150  209   39     370.64     709.43     2221.62     2931.05  119672309    2870167    1801988   17653181   141997645   58856843   12066460   70923303   23119419   22595573   116638295   18004354   23122394     673246     384242      66202    852025   23376194    6006557   39688569   83170  120784 14762008   829874    1643973    2920018      21623  1262  2215        507/199806/199929200004 0 0 0 0 1 1 1 1 1 1 1 1 1 1 1 1 1 1 1 1 1 1 1 1 1 1 1 1 1 1 1 1 0 1 1 1 1 1 1
MP      69398     69398     69398    1    2    1       1.00       3.00       12.00       15.00          0     343009      68720      35000      446729     193420      62374     255794      76247     157964      490005          0      32792        171       3051        140      2088     131612       4530      81875       0       0    30157     1111       7856      14130         70     1    13      18010/199809/199969200009 0 0 0 0 0 0 0 0 0 0 0 0 0 0 0 0 2 2 2 0 0 0 0 0 0 0 2 0 0 0 0 0 0 2 0 0 0 0 0
MS    2789666   2768619   2768619   48  193    2     133.00     418.00      694.00     1112.00   23944555    6448639     424934    3113300    33931428   15930957    4020502   19951459    4027354    6483148    30461961    3506720    5511219     126145     137810      12627    461329    7063205    1216666    8651064   19228   24709  2375483   360920      63438    1160594       7565   643  1097    1067310/199809/199928200005 0 0 0 0 0 0 0 0 0 0 0 0 0 0 0 0 0 0 0 0 0 0 0 0 0 1 1 0 0 0 0 1 0 0 0 0 0 0 1
MT     880453    880453    880453   79   28    3      28.92     142.15      155.04      297.19   11419090     367766     220036    1726352    13733244    6193348    1361160    7554508    1619423    3398404    12572335    2158738    2589303      45906      46020       5614    171509    3199350     504632    4885127   21575   29349  1679586   124598      82873     519308       1865   175   244       -107/199806/199930200007 0 0 0 0 0 0 0 0 0 0 0 0 0 0 0 0 0 0 0 2 0 0 0 0 0 1 1 1 0 0 1 1 0 0 0 0 1 1 2
NC    7547090   7547090   7547090   63  305   44     601.85     634.92     2143.20     2778.12  108362918   18565119    1474037    8551184   136953258   66445852   14824950   81270802   21535271   26424236   129230309    5254055   15377295     407004     320110      35720    961620   27890893    6702607   42633041   55476   56773 15304419  1947911     875281    2406297      63170  1401  1591       -107/199806/199937200005 0 0 0 0 0 0 0 0 0 0 0 0 0 0 0 0 0 0 0 0 0 0 0 0 0 1 1 0 0 0 0 0 0 0 0 0 0 0 2
ND     577438    545425    638800   81    7   14      22.00     102.84       93.45      196.29    6150097     560435      25169    1170646     7906347    3981574     628630    4610204    1456318    1571008     7637530     153565    2120217      55135      35358       4467    135217    2255097     318522    3981319   44914   33826  1603675   312268      86927     158688       5323   120   166        001/199912/199938200004 0 0 0 0 0 0 0 0 0 0 0 0 0 0 0 0 0 0 0 0 0 0 0 0 0 1 1 1 1 1 1 1 0 0 0 0 0 0 1
NE    1387030   1387030   1580976  237   15    9     107.78     365.57      355.54      721.11   30650258     346142     409391    3164481    34570272   16088641    3345374   19434015    5327215    6422027    31183257    8606886    5512436     169739     136603      15630    380123    6639633    1097443   10853357   24088   24681  4844669   363020     484103     619930      11813     1   622        010/199809/199931200004 0 0 0 0 0 1 1 1 1 0 1 1 1 1 1 1 1 1 1 1 1 1 1 1 0 1 1 1 1 1 1 1 0 1 1 1 1 1 1
NH    1293633   1191429   1201134  228    9    2     150.49     383.25      307.88      691.13   27203734       5226      49169    1859924    29118053   17182078    2818130   20000208    4804907    5352203    30157318    9221964    5361948     145679     126620      15308    349728    5781843     934732    8731949   76158   76868  3589059   375561     209739     461032       3088   457   415        007/199806/199933200001 0 0 0 0 1 1 1 1 1 1 1 1 1 1 1 1 1 1 1 1 1 1 1 1 1 1 1 1 1 1 1 1 0 1 1 1 1 1 1
NJ    8745185   8041454   8115011  304  148   16    1467.50    1475.50     3827.00     5302.50  256932965   11206765    1838307   16154078   286132115  152510970   37350221  189861191   36315498   51831753   278008442   22720794   30196936     958703     613684      65874   1157062   39066959    8072237   45965801  365101  376846 17216728  1524291    2580993    9493425      27780  2632  2578       -101/199912/199934200002 0 0 0 0 1 1 1 1 1 1 1 1 1 1 1 1 1 1 1 1 1 1 1 1 1 1 1 1 1 1 1 1 0 1 1 1 1 1 2
NM    1471196   1461767   1736931   75   21    4     118.43     233.35      361.51      594.86   24640269     476181     236260    1925041    27277751   12391553    3584520   15976073    4449258    4695588    25120919    3666335    3975973      88856      55753       7633    215709    7581799    1149869    7719579   15606   23901  2788912   272179     216244     484162       3525     6   499       -107/199806/199935200006 0 0 0 0 1 1 1 1 1 1 1 1 1 1 1 1 1 1 1 1 1 1 1 1 1 1 1 1 1 1 1 1 0 1 1 1 1 1 2
NV    1855790   1855790   1855790   22   61    3     150.04     196.77      538.34      735.11   44062736    1078085    1004061     961014    47105896   22435135    5065075   27500210    7799674    9525321    44825205    2043667    4024290     178580      95376       7885    153857    6483307    1762569    8268629   13005   13433  2963506   505488     140035     822156      20083   356   173       -107/199806/199932200008 0 0 0 0 0 0 0 0 0 0 0 0 0 0 0 0 0 0 0 0 0 0 0 0 0 0 0 0 1 0 1 1 0 0 1 1 0 0 2
NY   17905736  16714123  17990764  747  334   10    3403.11    3897.78     8430.21    12327.99  607208026   48563998    4014676  127405000   787191700  395032675   88086515  483119190  106233243  150276195   739628628   67469499   76350606    4122478    1726300     247318   2244288  102947725   30921845  122178029 1629110 1784470 40825721  3436309    4850168   13301774     120904  6452  5805       -103/199812/199936200002 0 0 0 0 0 0 0 0 0 0 0 0 0 0 0 0 0 0 0 0 0 0 0 0 0 1 1 0 0 0 0 0 0 1 1 0 0 0 1
OH   11256654  11256654  11256654  244  464   66    1846.64    2615.59     6959.68     9575.27  118912218  455698253     536433   48157675   623304579  253284200   62322308  315606508   95416017  111452601   522475126  124798477   45515012    3127205    2079271      86765   2591482   63051999   17741709  140023767  842819  993501 47497451  3005455    5376891   14265659      81648  2706  5138    9799601/199912/199939200003 0 0 0 0 0 0 0 0 0 0 0 0 0 0 0 0 0 0 0 0 0 1 1 0 1 1 1 0 1 1 1 1 0 1 1 1 1 0 1
OK    2750090   2725313   3358044  115   95    5     190.20     477.60      555.50     1033.10   49864077    1777337     430116    3873574    55945104   24181150    5911710   30092860    7714367    9972709    47779936    5168276    6043045     122340     105353      16570    564796   11264007    1919884   16211291   34793   42590  6066003   544837     230333    1617985       2368   516   460       -107/199806/199940200006 0 0 0 0 1 1 1 1 1 1 1 1 1 1 1 1 1 1 1 1 1 1 1 1 1 1 1 1 1 1 1 1 0 1 1 1 1 1 2
OR    3107215   3107215   3267550  122   82    7     330.82     454.41     1149.18     1603.59   94212488     760844     396801    8332431   103702564   45248774   14025771   59274545   13273303   21403022    93950870   11953190    7969111     370842     272160      22379    384770   14037149    2461346   31947570  957194  947862 10106501   780080     645855    2658449       8064  1076   761       -107/199806/199941200008 0 0 0 0 1 1 1 1 0 0 0 0 0 0 1 1 0 1 1 0 1 1 1 1 1 1 1 0 1 1 1 1 0 1 1 1 1 1 2
PA   11895155  11664065  11890237  458  182   34    1012.52    1473.77     2783.62     4257.39  137536087   37972855    2673595   42749650   220932187  107993104   28123665  136116769   29777334   50759011   216653114   27285017   25981821    1666027     549677      49460   1408176   38264616    8990009   54498746  636623  556070 19898555  1765068    1414675    8022042      43046    47  3466        001/199806/199942200002 0 0 0 0 0 0 0 0 0 0 0 0 0 0 0 0 0 0 0 0 0 0 0 0 0 1 1 0 1 1 1 1 0 0 0 0 1 0 1
RI    1209365   1003464   1003464   48   24    2     176.63     203.80      406.25      610.05   20604143    3478397     212718    6682918    30978176   16642977    3370842   20013819    3955395    6978792    30948006    9168608    4055101      89823      89774       7501    165279    5379705     956294    6507584  493090  499162  2220259   161257     323097    2300137       3986   341   367       -107/199806/199944200001 0 0 0 0 1 1 1 1 1 1 1 1 1 1 1 1 1 1 1 1 1 1 1 1 1 1 1 1 1 1 1 1 0 1 1 1 1 1 2
SC    3870990   3845706   3845706   41  142   36     348.04     449.35      950.44     1399.79   56311733    5238045     632777    4075576    66258131   32181263    7918111   40099374   12413534   11414134    63927042    5875550    7731724     234517     170066      19496    446850   12731329    4126935   17274176   12551   37405  6577181   476467     696982    1986277      11211   810   747    2939607/199806/199945200005 0 0 0 0 0 0 0 0 0 0 0 0 0 0 0 0 0 0 0 0 0 0 0 0 0 1 0 0 0 0 1 0 0 0 0 0 0 0 1
SD     547717    519409    696004  111   19    8      32.80     121.89      169.05      290.94   13401574          0     148717     913175    14463466    6357649    1349002    7706651    1877084    1950360    11534095    2522271    2602071      42056      50849       5860    182536    2774074     525085    4481536   24598   38355  1640113   157286      55424     338752       2917   178   276        001/199912/199946200004 0 0 0 0 0 1 1 1 1 1 1 1 1 1 1 1 1 1 1 1 1 1 1 1 1 1 1 1 1 1 1 1 0 1 1 1 1 1 1
TN    8688990   5368198   5368198  181   94   16     261.91     565.56     1120.97     1686.53   56350365    6242686    1413968    6261470    70268489   35043029    6465581   41508610    9446094   16348221    67302925   17909534    8944754     267373     259693      18741    581444   14934078    3507824   21310258   34964   30674  7550058   626964     403775     566345       7332   777   791       -107/199806/199947200005 0 0 0 0 0 0 0 0 0 0 0 0 0 0 0 0 0 0 0 0 0 0 0 0 0 1 1 0 0 0 1 0 0 1 1 0 1 1 2
TX   18290162  18290162  19759614  529  273   15    1433.07    1974.02     4077.94     6051.96  260063705     955339    1557842   11856290   274433176  142083731   34627543  176711274   42084341   48644781   267440396   31613010   34918954    1114435     848301      79983   1673687   52893136   16846979   77528187  196610  241054 29025461  2864721    2842852    7625830      64542  4905  5704       -101/199912/199948200006 0 0 0 0 0 1 0 1 0 1 0 0 0 1 0 1 1 1 1 0 0 0 0 0 0 1 1 1 1 0 1 1 0 1 1 1 0 0 2
UT    2099758   2099758   2099758   50   54   26     140.39     262.23      650.89      913.12   46853787     964951     294549    2696418    50809705   24364434    7940869   32305303    9620084    8771415    50696802    6257085    5692760     317961     184496      12245    261053   10532019    2248679   20634440   16318   23259  8713320   311630     309174    1366884      20067   403   531       -107/199812/199949200007 0 0 0 0 0 0 0 0 0 0 0 0 0 0 0 0 0 0 0 0 0 0 0 0 0 1 1 1 1 1 1 1 0 0 0 0 0 0 2
VA    6818010   6818010   6872900   80  251   37     726.42     876.40     2248.20     3124.60  142307987   15581657     209591    8254048   166353283   87605520   18310645  105916165   29100767   29583853   164600785    3349628   17737969     693093     373486      42584    867646   29506729    6745125   51251927   74564   75458 18210942  1203307    1212297    2435530      10288  1895  1055       -107/199806/199951200005 0 0 0 0 0 0 0 0 0 0 0 0 0 0 0 0 0 0 0 0 0 0 0 1 0 1 1 0 0 1 1 1 0 1 1 1 1 1 2
VT     592222    545000    590000  191    3    5      37.94     156.09      126.61      282.70    8215397      21806          0    3819171    12056374    6208438     993529    7201967    1868072    2383204    11453243    4522665    2733457      63570      47091       7808    235743    3099980     377626    3948988   22008   47687  1644528   150241      69173      99430       3600   237   294    1236901/199806/199950200001 0 0 0 0 0 1 1 1 1 0 0 1 1 1 1 1 1 1 1 1 1 1 1 1 1 1 1 1 1 1 1 1 0 1 1 1 1 1 1
WA    5592013   5592013   5757400   57  265   17     690.52     775.94     2338.47     3114.41  201168640    1430229     550339    7062629   210211837  104323664   26104257  130427921   28379677   31605418   190413016   17519168   16117502     807154     529699      45454    678621   22278082    7341546   53028157  137849  146369 15342743   984817    1481511    5530095      25367  2302  2309       -101/199912/199953200008 0 0 0 0 0 0 0 0 0 1 0 1 0 0 0 0 0 0 0 0 1 1 1 1 1 1 1 1 1 1 1 1 0 1 0 1 0 0 2
WI    5274827   5274827   5274827  372   77   10     601.74    1136.21     1713.80     2850.01  131257475    4807883     589888    9020242   145675488   73836756   22638557   96475313   20449904   25842407   142767624   26788521   17929885     718886     642872      59922    970752   28733619    6000320   46644672 1870129 1811677 17887972  1142509     842020    4692791      30434  1970  1768       -101/199912/199955200003 0 0 0 0 0 0 0 0 0 0 0 0 0 0 0 0 0 0 0 0 0 1 0 0 0 1 1 1 1 1 1 0 0 1 1 1 1 1 2
WV    1793477   1793477   1793477   97   77    7      76.03     277.37      579.73      857.10   16086703    6796627     251849    1849475    24984654   11254578    3057429   14312007    3901051    4132091    22345149    1978364    4855693     131847     102554       7639    373248    6418068    1663191    8513873   18929   41796  2635833   236470      89481     376131       5503   437   785       -107/199806/199954200005 0 0 0 0 0 0 0 0 0 0 0 2 2 0 0 0 0 1 0 1 0 0 0 0 0 1 1 0 1 0 1 1 0 1 1 1 0 0 2
WY     480912    479602    479602   23   49    4      36.51     148.51      189.47      337.98   12628479       7115      45381    1210184    13891159    7041027    1939843    8980870    1621977    2331048    12933895     445707    2269493      63418      50236       4824    124034    2492259     432370    3734202   21015   22134  1277274   164079      61490     308917       1441   223   149       -107/199806/199956200007 0 0 0 0 0 0 0 0 0 0 0 0 0 0 0 0 0 0 0 0 0 0 0 0 0 0 0 0 0 0 0 0 0 1 1 1 0 0 2
