AK     626932    626932    626932   87   17    2      74.50     120.50      202.95      323.45   20453272     793819    1190791    2020556    24458438   10931778    3420710   14352488    2774961    5524170    22651619     449374    2223735      80899      86484       7090    142379    2863702     358237    3663562   23748   28523  1306569   145212     193743     682335       2693   255   604    1862207/199906/200002200108 0 0 0 0 0 0 0 0 0 0 0 0 0 0 0 0 0 0 0 0 0 0 0 0 0 1 0 1 0 0 1 0 0 1 1 1 0 1 1
AL    4411470   4369862   4369862  198   77   18     228.12     625.94      885.27     1511.21   53421585    4482486     888316    6134324    64926711   33714800    6811291   40526091    9528835   13033171    63088097    7625465    8600225     254979     221227      17636    584494   12395337    2728283   15340285   24516   34990  5104697   538378     405894    1076000       7355  1010  1222    2368610/199909/200001200105 0 0 0 0 1 1 1 1 1 1 1 1 1 1 1 1 1 1 1 1 1 1 1 1 1 1 1 1 1 1 1 1 0 1 1 1 1 0 1
AR    2446588   2409952   2538303   40  169    6      87.01     217.14      581.76      798.90   31107012    4831320       6625    2586400    38531357   16067617    3529303   19596920    5849514    7590024    33036458    9421018    5407858      98319      85160      11172    378659    7008751    1430330   10239966   25102   22128  2857062   297129     193280    1223393       3877   564   861       -101/200012/200005200105 0 0 0 0 1 1 1 1 1 1 1 1 1 1 1 1 1 1 1 1 1 1 1 1 1 1 1 1 1 1 1 1 0 1 1 1 1 1 2
AZ    4836751   4791209   4924350   33  137   15     439.35     549.65     1229.91     1779.56  105794991     397651    1027056    3583783   110803481   52054291   12003338   64057629   17417282   25472543   106947454    3595200    8722941     343078     433585      21722    391252   20500115    4477893   30790435  102484   95589 10844750   753735    1760296    3854246      46306  1451  1521    3491107/199906/200004200106 0 0 0 0 1 1 1 1 1 1 1 1 1 1 1 1 1 1 1 1 1 1 1 1 1 1 1 1 1 1 1 1 0 1 1 1 1 1 1
CA   34318585  34318585  34366000  166  899   56    3150.23    3385.30     8054.46    11439.76  701051171   70413101    5450982   53351938   830267192  400927189   96547651  497474840   96535930  160631270   754642040   61508450   66192996    2627321    1871050     150563   2185280  132427576   36281751  165949636 1139147  916038 66770396  4655242    6117398   18321899      79736  6314  8504        007/199906/200006200108 0 0 0 0 1 1 1 1 1 1 1 1 1 1 1 1 1 1 1 1 1 1 1 1 1 1 1 1 1 1 1 1 0 1 1 1 1 1 1
CO    4163200   4129401   4301261  105  138   11     528.82     767.94     1572.82     2340.76  141669465    2742452     252862   14038930   158703709   70483462   15749101   86232563   22559133   29455620   138247316   19923754   10862518     442091     378900      23863    539918   22611281    5961037   39129598  157588  162516 14564372   879847     724851    2602880      14596  1724  1492   10041601/200012/200008200107 0 0 0 0 1 1 1 1 1 1 1 1 1 1 1 1 0 1 1 1 1 1 1 1 1 1 1 1 1 1 1 1 0 1 1 1 1 1 1
CT    3997136   3274069   3274069  194   48    7     742.88     991.47     1220.20     2211.67  114015743    2135100     938254   20237391   137326488   80988991    8431078   89420069   17872525   22678247   129970841    6719507   14237922     507630     457080      34669    555767   20325874    3784580   27947637  280026  291675 10503193   874277    1458927    5569515      21878  1528  1198    6678307/199906/200009200101 0 0 0 0 1 1 1 1 1 1 1 1 1 1 1 1 1 1 1 1 1 1 1 1 1 1 1 1 1 1 1 1 0 1 1 1 1 1 1
DC     572059    572059    572059    1   26    1     128.00     153.00      231.00      384.00   23699889          0     798000    1171166    25669055   15897280    2588848   18486128    2387951    4321756    25195835     181269    2384631     240542      15948       3630     70674    1131321    1009308    1071807   12321     199   349775   114012          0     221743          4   172   174       -110/199909/200011200102 0 0 0 0 0 0 0 0 0 0 0 0 0 0 0 0 0 0 0 0 0 0 0 0 0 2 2 0 0 0 0 0 0 2 0 0 0 0 2
DE     689584    661059    783600   35    0    2      50.91      88.11      140.65      228.76   10476252    2011625      96436    1929098    14513411    6998485    1719038    8717523    2167803    2497103    13382429    1155834    1444763      59888      48411       5417     85132    2801280     593358    4196164  137717  131973  1622855   166094      77910     234352       2371   166   166     676207/199906/200010200102 0 0 0 0 1 1 0 0 0 0 0 0 0 0 0 0 0 0 0 0 1 1 1 1 1 1 1 1 1 1 1 0 0 1 1 1 0 1 1
FL   16180783  15947240  15982378   56  410   31    1531.98    1863.00     4188.87     6051.87  298074742   33096359    3588364   20628488   355387953  146753996   39578450  186332446   54786653   78783050   319902149   38083783   29222347    1198415    1043815      78557   1124448   54962296   23513370   75708041  170105  220994 21778624  2335275    4117177   11616383      47055  4106  4989   13979310/199909/200012200105 0 0 0 0 1 1 1 1 1 1 1 1 1 1 1 1 1 1 1 1 1 1 1 1 1 1 1 1 1 1 1 1 0 1 1 1 1 1 1
GA    7807703   7807703   7807703   57  310   31     627.65     772.15     1841.06     2613.21  101587318   26376572    1014530   14417805   143396225   71838020   19751621   91589641   18455153   25749566   135794360    2729180   14869105     391019     355710      27121    801924   24178940    6293660   34458363   20909   23624 13740225  1188509     638081    1448506      15685  2265  3633   13791107/199906/200013200105 0 0 0 0 0 0 0 0 0 0 0 0 0 0 0 0 0 0 0 0 0 0 0 0 0 0 0 0 0 0 1 0 0 0 0 1 0 0 0
GU     154620    153000    153000    1    5    1       1.00       1.00       17.00       18.00    1052289          0     106337          0     1158626     600099     152437     752536          0     202583      955119      14349     223450        619       4903        595     13130     101254      21729      27416       0       0    18091     2338          0          0          0     4     3      10010/199909/200066200109 0 0 0 0 0 0 0 0 0 0 0 0 0 0 0 0 0 0 0 0 0 0 0 0 0 0 0 0 0 0 0 0 0 0 0 0 0 0 0
HI    1193001   1193001   1193001    1   49    4     159.00     159.00      353.10      512.10          0   20332611     861635    1594914    22789160   16347012     158568   16505580    2113805    3758736    22378121      96042    3194349     204490      48289       5881    100220    6300736    1207804    6947968      73     294  2275951   184340     148169     762996       2179   167   180       -107/199906/200015200108 0 0 0 0 0 0 0 0 0 0 0 0 0 0 0 0 0 0 0 0 0 0 0 0 0 0 0 0 0 0 0 0 0 0 0 0 0 0 2
IA    2938555   2926324   2926324  535   24    6     226.37     833.71      726.64     1560.35   61241521    1991503     496548    6692463    70422035   34983310    6713111   41696421   11413691   12997861    66107973   22562755   11594530     404982     359090      39697    923877   14801033    2065846   25216933  147904  120164  9530815   873824     320083    1385674      12395   928  1308    4739507/199906/200019200104 0 0 0 0 1 1 1 1 1 1 1 1 1 1 1 1 1 1 1 1 1 1 1 1 1 1 1 1 1 1 1 1 0 1 1 1 1 1 1
ID    1109604   1109604   1293953  104   38    7      50.15     174.33      386.58      560.91   19699382     759363     141837    3210400    23810982   11469014    3063898   14532912    3177425    5052799    22763136    5320875    3505510     108397      96134       8026    241302    5539417     930791    8263474   21953   32076  3402043   279876     192357     894091       2445   417   618        010/199909/200016200107 0 0 0 0 1 0 1 0 0 0 0 0 0 1 1 1 0 0 0 0 0 0 0 1 0 1 1 1 1 1 1 1 0 1 1 1 1 1 1
IL   10724745  10724745  10724745  628  158   26    1661.46    2585.42     4580.74     7166.16  394220177   36481751    2945162   47632287   481279377  222189997   39008712  261198709   62471795   84954299   408624803   82445300   41013837    1898618    1181935     124606   1932355   58963631   16223322   83104116 1386609 1313899 34143598  2495728    4324069   14082941     361338  5095  3128       -107/199906/200017200103 0 0 0 0 1 1 1 1 1 1 1 1 1 1 1 1 1 1 1 1 1 1 1 1 1 1 1 1 1 1 1 1 0 1 1 1 1 1 2
IN    5279097   5152825   5544159  239  187   41     866.45    1307.45     2968.61     4276.06  190049702   19142011     959086   14430114   224580913  102010124   22108920  124119044   35765914   48632989   208517947    5926272   21729716    1069815     952358      67480   1110858   31670448    7225461   57133437   79975   87549 20728330  1424493    1968782    6941445      59173  3311  3062    7062501/200012/200018200103 0 0 0 0 0 0 0 0 1 1 1 1 1 1 1 1 1 1 1 0 0 0 0 0 0 1 1 1 0 0 1 1 0 0 1 1 0 0 1
KS    2173759   2162044   2639653  321   49    5     224.38     426.53     1122.90     1549.43   60042941    1813190     604380    8475457    70935968   33543948    6387215   39931163   10695779   17482835    68109777   16596774   10206782     315013     357580      25017    648406   11303140    2732105   20807833  205216  186532  8493109   546097     887633    2021604      18756  1380  1599    2785101/200012/200020200104 0 0 0 0 1 1 1 1 1 1 1 1 1 1 1 1 1 1 1 1 1 1 1 1 1 1 1 1 1 1 1 1 0 1 1 1 1 1 1
KY    4004942   4004942   4041769  116   74   94     169.31     735.28      727.80     1463.08   59173324    5082433     609321    7953374    72818452   29671514    6521768   36193282   10965745   17830216    64989243   14217773    7856225     241140     201588      15312    626517   13350270    1868374   20280352   21796   32456  6187412   752860     597254    2696913      12018  1124  1768    2452107/199906/200021200105 0 0 0 0 1 0 0 0 0 0 0 0 0 0 0 0 0 0 0 0 0 0 0 0 0 1 0 0 0 0 1 0 0 0 0 1 1 0 1
LA    4434024   4421487   4468976   65  262   32     321.04     783.88     1277.37     2061.25   92737715    6812391     155397   12385167   112090670   43279166    9850395   53129561   12432296   24318414    89880271    2947670   10608339     211196     270726      29111    699953   12621939    4624674   17790596   37381   71744  5097590   698582     166729    2923436      13169  1409  1845    5073401/200012/200022200105 0 0 0 0 0 0 0 0 0 0 0 0 0 0 0 0 0 0 0 0 0 0 0 0 0 0 0 0 0 0 0 0 0 0 1 0 0 0 0
MA    6174032   6174032   6175169  371  118   10    1079.38    1718.83     2127.18     3846.01  168023250   17424087    2776670   17345034   205569041  129732788    3402052  133134840   34195125   28117075   195447040   52311065   30237586     795537     641277      86779    966651   31756771    5357373   45432978 1407494 1409189 17780187  1388772     422359    5229504      32058  2830  2730    4421507/199906/200025200101 0 0 0 0 0 0 0 1 1 1 1 1 1 1 1 1 1 1 1 1 1 1 1 1 1 1 1 1 1 1 1 1 0 1 1 1 1 1 1
MD    5171569   5127500   5127500   17  162   17     649.48    1122.26     1954.02     3076.28  121509624   23548426    2251546   27147962   174457558   89254590   25180445  114435035   26295883   28901866   169632784   14468958   15386955     700864     420112      27381    476164   26183175    6389370   45393080  131572  143914 17796158   710515    1768989    4454037       3364  2438  2175       -107/199906/200024200102 0 0 0 0 0 0 0 0 0 0 0 0 0 0 0 0 0 0 0 0 0 0 0 0 0 1 0 0 1 0 0 0 0 0 0 1 0 0 2
ME    1159942   1158757   1274923  271    7    0     135.89     293.47      395.48      688.95   18944966     297156       2742    6814303    26059167   14314326    1716210   16030536    3771417    5253982    25055935    9507302    5682607     104019     114585      11827    349846    5594131     951613    8124387   38790   49711  2989719   229736     220287     536191       1908   476   656     821501/200012/200023200101 0 0 0 0 1 1 1 1 1 1 1 1 1 1 1 1 1 1 1 1 1 1 1 1 1 1 1 1 1 1 1 1 0 1 1 1 1 1 1
MI    9309139   9277694   9295297  380  275   19    1167.53    1658.22     2875.64     4533.86  247365838   15848081    1056915   23871596   288142430  123248442   32641984  155890426   32947359   61513553   250351338   39100923   26753041    1114162     801061      78254   1372870   39786086    7618585   50872132 1236596 1219767 19022369  1354863    1921588    8796888      47607  3620  3950   19609811/199809/200026200103 0 0 0 0 0 0 0 0 0 0 0 0 0 0 0 0 0 0 0 0 0 0 0 0 0 1 1 0 0 0 1 0 0 0 0 0 1 0 0
MN    5760081   4919479   4919479  127  232   17     465.85     771.58     1696.43     2468.01  126538433    9235693     844722    9579687   146198535   77217302   18947911   96165213   19874823   25130956   141170992   15233008   15598996     658906     455071      41817    726976   22376168    5313104   44009458  388525  363991 18242430   890970     772558    3552765      14677  2294  2119    4696401/200012/200027200104 0 0 0 0 0 0 0 0 0 0 0 0 0 1 1 1 1 1 1 0 1 1 1 0 0 1 1 1 1 1 1 1 0 1 1 1 0 0 1
MO    4729162   4728251   5595211  140  219   38     370.65     711.63     2048.03     2759.66  125678296    3234359    2404179   15210859   146527693   62257149   13092064   75349213   24434951   22730602   122514766   15800542   22696550     706670     415264      64357    868549   23184943    6060626   38457910   97976  108543 14432696   895163    2105146    2689627      14473  1697  1920    3391407/199906/200029200104 0 0 0 0 0 0 0 0 1 1 1 0 0 1 1 1 1 1 1 1 0 1 1 0 0 1 1 1 1 1 1 1 0 1 1 1 1 1 1
MP      72000     72000     72000    1    2    0       1.00       3.00        7.00       10.00          0     343371     131619          0      474990     183720      58598     242318       3500     101063      346881          0      36244        179       3323         81      2200     131612       3500      81875       0       0    30876     1091          0      27495         52     1    13      19010/199909/200069200109 0 0 0 0 0 0 0 0 0 0 0 0 0 0 0 0 0 0 0 0 0 0 0 0 0 0 0 0 0 0 0 0 0 0 0 0 0 0 0
MS    2789579   2748641   2748641   48  193    2     130.00     352.00      789.00     1141.00   25004406    7133418    1148395    2711723    35997942   16571720    4324789   20896509    4820363    7474280    33191152    5557089    5601802     127179     154583      11197    447144    7281358    1313872    8428423   12526   25258  2291887   355621     134876     675259       3988   690  1149    2182710/199909/200028200105 0 0 0 0 0 0 0 0 0 0 0 0 0 1 1 1 0 0 0 0 0 0 0 0 0 0 1 0 1 0 0 0 0 0 1 0 0 0 1
MT     880453    880453    880453   79   28    3      24.55     166.60      136.47      303.07   12872345     331814     117438    2699000    16020597    6485110    1408858    7893968    1775726    3919822    13589516    2028390    2638274      54072      51295       5595    174497    3448041     520476    4818800   18125   28700  1640859   115757      49819     859129       3974   206   378        007/199906/200030200107 0 0 0 0 0 0 0 0 0 0 0 0 0 0 0 0 0 0 0 2 0 0 0 0 0 1 1 0 0 0 1 0 0 0 0 0 0 0 1
NC    7650699   7650699   7650699   64  308   45     620.42     660.22     2213.45     2873.67  116414883   17267465    1605516    9818826   145106690   72092422   16347020   88439442   22591613   26845829   137876884    5621305   15609396     433843     350177      36593    965170   28817629    6924735   42539154   52791   58069 15061391  1852085     799177    3536029      64905  1712  2114       -107/199906/200037200105 0 0 0 0 0 0 0 0 0 0 0 0 0 0 0 0 0 0 0 0 0 1 1 0 0 1 1 0 0 0 0 0 0 0 0 1 0 0 2
ND     575995    545425    638800   80    7   14      21.00     104.56       90.88      195.44    6352366     548444      57866    1175174     8133850    4137605     632600    4770205    1503809    1699145     7973159    1657283    2144682      58105      45194       4488    135655    2384112     362605    3902422   43035   31655  1548993   311705      76048     194000       6490   139   223     825601/200012/200038200104 0 0 0 0 1 0 0 0 0 0 0 0 0 0 1 0 1 1 1 0 0 0 0 0 0 1 1 1 1 1 1 1 0 0 0 0 0 0 1
NE    1395079   1395079   1580976  240   15    9     106.28     366.10      370.53      736.63   32433695     440614     200439    1560181    34634929   17161255    3801038   20962293    5610005    7075873    33648171    5313252    5605341     185974     148478      15871    386902    6305038    1073538   11175887   21971   24727  4821144   359621     540239    1368354      13682   618   767    3253010/199912/200031200104 0 0 0 0 0 1 1 1 1 0 1 1 1 1 1 1 1 1 1 1 1 1 1 1 0 1 1 1 1 1 1 1 0 1 1 1 1 1 1
NH    1350879   1224379   1235786  228    9    2     158.25     336.99      376.87      713.86   29828634      44390      34827    3309507    33217358   18472620    3124381   21597001    4868615    5845563    32311179    4262889    5505810     155678     141371      16005    362645    5911038     867990    8778300   75802   75675  3554539   369061     187535     570141       7632   574   479    1910107/199912/200033200101 0 0 0 0 0 1 0 1 1 1 1 1 1 1 1 1 1 1 1 1 1 1 1 1 0 1 1 1 1 1 1 1 0 1 1 1 1 1 1
NJ    9048500   8336427   8414350  303  149   15    1479.90    1490.90     3673.00     5163.90  271200103   10183800    1744117   16297583   299425603  158294252   39422745  197716997   37791849   52207695   287716541   13945466   30593214     989764     686537      64054   1158731   39235666    7001479   45676801  426522  388164 17347170  1541737    2323480    8801343      36837  3260  3092       -101/200012/200034200102 0 0 0 0 1 1 1 1 1 1 1 1 1 1 1 1 1 1 1 1 1 1 1 1 1 1 1 1 1 1 1 1 0 1 1 1 1 1 2
NM    1502545   1502545   1815000   78   21    3     103.35     239.70      368.10      607.80   26868087     513809     265415    1768283    29415594   13513616    4009071   17522687    4353477    4572071    26448235    1122165    4107651      85171      62876       7462    220755    7591674    1068321    7806926   19993   24275  2751924   279096     252959     639773       4414   316   536    1560907/199906/200035200106 0 0 0 0 1 1 1 1 1 1 1 1 1 1 1 1 1 1 1 1 1 1 1 1 1 1 1 1 1 1 1 1 0 1 1 1 1 1 1
NV    1967650   1855790   1855790   20   63    4     152.35     206.48      562.04      768.52   45963526     888013     517496   15749646    63118681   23473974    6658767   30132741    7595591    8526344    46254676    4007824    4135579     163649     120441       8482    158751    6755178    1310297    8992138   17343   16956  2942496   516675     486912     982556      22661   453   488     994507/199906/200032200108 0 0 0 0 0 0 0 0 0 0 0 0 0 0 0 0 0 0 0 0 0 0 0 0 0 0 0 0 0 1 1 1 0 0 0 0 0 0 1
NY   17954989  16714123  17990764  749  334   10    3467.04    4101.74     8396.68    12498.42  637185912   49868127    6875651  140472649   834402339  414112455   92598919  506711374  106411569  162702976   775825919   97370261   77570649    4351406    1892847     246188   2258551  101437492   31920696  122147375 2016889 2134079 41554354  3581614    5278707   19224232     271497  7161  7215   29434403/199912/200036200102 0 0 0 0 0 0 0 0 0 0 1 0 0 0 0 0 0 0 0 0 0 0 0 0 0 0 0 0 0 0 1 0 0 1 1 0 0 1 1
OH   11353140  11353140  11353140  244  472   66    1886.12    2626.52     7067.59     9694.11  126439916  494897230    1391526   57672152   680400824  266474434   61763854  328238288  103271698  106667259   538177245   73361992   47121689    3224075    2332631     106431   2595255   66096435   17997044  144910777 1134324 1227002 48666826  3273196    5887948   18335017      87280  5144  5515   24021001/200012/200039200103 0 0 0 0 0 0 0 0 0 0 0 0 0 0 0 0 0 0 0 0 0 1 1 0 0 1 1 0 1 1 1 1 0 1 1 1 1 0 1
OK    2761579   2725313   3358044  115   95    5     199.52     462.40      618.30     1080.70   52882037    1804448     574230    5880256    61140971   25902035    6345509   32247544    8609591   11948426    52805561    7746870    6110186     150358     130580      16765    562449   12075429    2130959   16213980   31641   42829  5565832   484920     267590    1179093       9873   681   776       1507/199906/200040200106 0 0 0 0 1 1 1 1 1 1 1 1 1 1 1 1 1 1 1 1 1 1 1 1 1 1 1 1 1 1 1 1 0 1 1 1 1 1 1
OR    3146335   3146335   3300800  122   84    7     339.88     456.23     1186.25     1642.48   99366652     688989     811146    7687402   108554189   49337374   16759239   66096613   14633268   23308875   104038756   29740434    8345839     434168     301493      22939    405442   17394165    2510618   34813771 1212915 1200484 11086531   996450     633023    2711028       9787  1348  1029    2726807/199906/200041200108 0 0 0 0 0 0 0 0 1 1 1 1 1 1 1 1 1 1 1 0 1 1 1 0 1 1 1 1 0 0 1 1 0 1 1 1 1 0 1
PA   11665744  11665744  11888910  457  174   31    1006.91    1464.15     2763.17     4227.32  144056735   44115548    2495404   44748270   235415957  113983249   29387379  143370628   30763154   59421836   233555618   15812076   26351247    1720007     609285      51048   1429968   38747803    8800474   54560158  700400  628015 20062291  1835898    1408512   13219564      65333  3069  4441   13818001/199906/200042200102 0 0 0 0 0 0 0 0 0 0 0 0 0 0 0 0 0 0 0 0 0 0 0 0 0 1 1 0 1 0 1 1 0 0 0 0 1 0 1
PW      19129     19129     19129    1    0    0       0.00       2.00        0.00        2.00          0      21000      60000          0       81000                                           0                  59692          0      20000         43         65         15       208        521         30       3300      11      15     1160       62          0          0          0     0     0        001/200012/200070200109 0 0 0 0 0 0 0 0 0 0 0 0 0999999 099 0 0 0 0 0 0 0 0 0 0 0 0 2 0 0 0 0 0 0 0 0
RI    1283193   1048319   1048319   48   24    2     186.18     213.57      392.54      606.11   21735590    5738886       3854    6511644    33989974   17954097    3671587   21625684    4279237    6498054    32402975    6097553    4344645     100758     101627       7751    166495    5422224     901565    6521153  571293  556147  2271357   175491     378163    1322737       4728   428   452     772107/199906/200044200101 0 0 0 0 0 0 1 1 0 0 0 0 0 0 0 0 0 0 0 0 0 0 0 0 0 1 1 0 0 0 0 0 0 0 0 0 0 0 1
SC    3914053   3888253   3888253   40  143   37     361.31     475.11     1011.82     1486.93   60689118    6618027     620710    3989799    71917654   34876605    8483617   43360222   13742977   14050561    71153760    7083205    8054913     252049     204730      20662    455140   13141583    4159921   17475639   13629   40467  6806445   511780     783663    3871460      14824  1100  1353    4184607/199906/200045200105 0 0 0 0 0 0 0 0 0 0 0 0 0 0 0 0 0 0 0 0 0 0 0 0 0 1 0 0 1 0 1 0 0 0 1 1 0 0 0
SD     628091    624109    754844  120   19    8      34.55     123.00      179.62      302.62   12543086          0      95029     979766    13617881    6815546    1468299    8283845    2058999    2162893    12505737     533557    2702713      54343      59569       6257    195008    2924192     554468    4596233   27795   41378  1600025   167276      77199     403051       3710   233   385     720901/200012/200046200104 0 0 0 0 0 1 1 1 1 1 1 1 1 1 1 1 1 1 1 1 1 1 1 1 1 1 1 1 1 1 1 1 0 1 1 1 1 1 1
TN    5499633   5430621   5430621  183   97    4     263.27     619.65     1009.92     1629.57   61736491    1482696    1014195    9657320    73890702   36792633    6542516   43335149    9439537   17725061    70499747   49533543    9746769     302055     273536      18305    591546   15445153    3934032   20682141   34574   30369  7678772   659095     348424     887455       6042  1366  2167    6260207/199906/200047200105 0 0 0 0 0 0 0 0 0 0 0 0 0 0 1 0 0 0 0 0 0 0 0 0 0 1 1 1 0 0 1 1 0 1 1 1 0 0 1
TX   18314864  18314864  19759614  538  278   16    1461.97    1999.16     4260.34     6259.50  279561257    1239794    1352995   12813362   294967408  154113607   36833916  190947523   46122108   50608779   287678410   29305760   35039739    1236251     977683      87865   1714148   53435519   16737068   78369783  208429  235090 29717841  2911638    2993483    8274645      65274  5290  6650   26572701/200012/200048200106 0 0 0 0 1 1 0 1 0 0 0 0 0 1 1 1 0 0 1 1 1 1 1 1 1 1 1 1 1 0 1 1 0 1 1 1 1 1 1
UT    2233169   2233169   2233169   50   55   25     142.05     267.15      682.65      949.80   50415170     926191     322830    2450284    54114475   25653369    9035379   34688748   10382528    9217741    54289017    6974678    5755557     337815     211191      13362    264103   10858436    3034180   22314482   18266   22195  9306995   326495     387275    1260934      21953   612   639    5784307/199912/200049200107 0 0 0 0 0 0 0 0 0 0 0 0 0 0 0 0 0 0 0 0 0 0 0 0 0 1 1 1 0 1 1 1 0 0 0 0 0 0 1
VA    6865501   6865501   7078515   80  254   35     747.99     884.34     2392.43     3276.77  151369059   16971118    1008899    9035507   178384583   92271687   20133752  112405439   28316644   33767533   174489616   12692281   18377765     750507     404469      41862    895534   28967717    7081976   53251136   62375   84155 19085682  1212195    1897993    5020104      10801  2778  1730    1100007/199906/200051200105 0 0 0 0 0 0 0 0 0 0 1 0 1 0 0 0 0 0 0 0 1 1 1 1 0 1 1 0 1 1 1 1 0 1 1 1 0 0 1
VI     108000    108000    108000    0    4    1       3.00       3.00       19.00       22.00          0    1100000      93000          0     1193000     520000      93600     613600     190000     389400     1193000          0     126000        250        150        260      7520      22560       1265      29328       0      18    18765      329          0          0          0    13    33      34710/199909/200078200109 0 0 0 0 0 0 0 0 0 0 0 0 0 0 0 0 0 0 0 0 0 0 0 0 0 0 0 0 0 0 0 0 0 0 0 0 0 0 0
VT     591646    545000    562758  190    3    7      39.70     167.12      126.02      293.14    8677689      13714          0    3948301    12639704    6526882    1011534    7538416    1899647    2476117    11914180    9126073    2772028      70178      57456       8233    234034    3096163     391733    3899020   20675   43797  1666294   151281      53644     145310       2792   255   341    1418201/199906/200050200101 0 0 0 0 0 1 1 1 1 1 1 1 1 1 1 1 1 1 1 1 1 1 1 1 1 1 1 1 1 1 1 1 0 1 1 1 0 0 1
WA    5665567   5665567   5803400   57  265   17     715.17     885.03     2371.81     3256.84  205481757    1528725     859561   10215592   218085635  110788152   28064024  138852176   30498373   31440598   200791147   26307478   16560721     866744     581721      45693    702780   26313486    7805940   53307428  146104  145067 16682180  1055192    1840874    5768167      27344  2784  2557    4102601/200012/200053200108 0 0 0 0 1 1 1 1 1 1 1 1 1 1 1 1 1 1 1 1 1 1 1 1 1 1 1 1 1 1 1 1 0 1 1 1 1 1 1
WI    5363675   5363675   5363675  375   79   10     613.75    1163.19     1766.41     2929.60  139944150    5379167     761550   10563827   156648694   78900056   23746650  102646706   22306143   28471221   153424070   19437655   18293646     787863     746996      60951    992137   29441363    6112853   46489000 2242803 2028440 17732410  1167812     836730    4907958      35890  2513  2499    8461501/200012/200055200103 0 0 0 0 0 0 0 0 0 0 0 0 0 0 0 0 0 0 0 0 0 0 1 1 0 1 1 1 1 1 1 0 0 1 1 1 1 1 1
WV    1793477   1793477   1793477   97   78    7      85.00     329.25      582.64      911.89   16666755    7129493     317838    1206945    25321031   11778205    3210228   14988433    3866709    4470832    23325974    4034561    4813827     148313     114724       7750    374039    6427336    1539157    8254267   20496   40605  2391388   247648     119068     243569       6254   512   848    5292707/199906/200054200105 0 0 0 0 0 0 0 0 0 0 0 1 1 0 0 0 0 0 0 0 0 0 0 0 0 0 0 0 1 1 1 1 0 1 1 0 1 0 1
WY     479602    479602    479602   23   51    4      36.35     141.27      205.65      346.92   13167466       6049      69926    1295434    14538875    7467823    2130773    9598596    1569895    2449067    13617558     835189    2374855      70467      58412       4930    123078    2691313     419559    3711316   20296   20273  1287543   157087      81927     292394       6417   253   208       -107/199906/200056200107 0 0 0 0 0 0 0 0 0 0 0 0 0 0 0 0 0 0 0 0 0 0 0 0 0 0 0 0 0 0 0 0 0 0 0 0 0 0 2
