AK    648818 0    648818 0    648818 0   85 0   17 0    1 0      70.16 0     116.58 0     203.84 0      320.42 0   22068009 0     696126 0     647613 0    1465633 0    24877381 0   11647390 0    4165962 1   15813352 1  2318695 0   209417 0   555384 0    3083496 0    6001236 0    24898084 1    1931969 0    3208804 0    2250594 0     9242 0      92439 0     123280 0     2340 0       7153 0        0 1     146019 0    3124152 0     324139 0    3958514 0   23486 0   28459 0  1342918 1   134147 0   598 0   882624 007/2002 006/2003 002200408
AL   4447100 0   4447100 0   4447100 0  207 0   77 0   17 0     261.70 0     689.77 0     934.50 0     1624.27 0   64238541 0    4146169 0     718386 0    6081755 0    75184851 0   38968650 0    8825702 1   47794352 1  8125981 0   333053 0  2355761 0   10814795 0   14990022 0    73599169 1    5451192 0    5436590 0    9147358 1   434216 1     342743 0     305155 0    10856 1      13600 1      294 1     581671 0   13716416 1    3404202 1   17483524 0   58709 1   66090 1  6026014 1   680903 1  2939 1  3841778 110/2002 009/2003 001200405
AR   2603339 0   2566585 0   2673400 0   43 0  167 0    3 0      93.56 1     256.57 1     596.29 1      852.86 1   38146717 1     939873 1          0 1    3046735 1    42133325 1   18618130 1    4782900 1   23401030 1  4849221 1   277640 1   671729 1    5941513 1    7730782 1    37073325 1    5488679 1    3632607 1    5395353 1    21342 1     135734 1     137477 1      823 1       9486 1       15 1     382832 1    8050504 1    1602912 1   10996189 1   26283 1   22410 1  3037335 1   360805 1  1078 1  1535460 101/2003 012/2003 005200405
AZ   5270027 0   5255757 0   5472750 0   86 0   99 0   14 0     451.20 0     567.25 0    1437.27 0     2004.52 0  123408244 0     486440 0    1240056 0    3001453 0   128136193 0   61987840 1   17182306 1   79170146 1 14049230 0  2232215 0  2601441 0   18882886 0   26323428 0   124376460 1    5905591 1    6453294 0    9323914 0    28595 1     425483 0     419042 0     3894 1      20715 0      116 1     426247 0   21282562 1    5121278 1   39675255 0   90129 1   84408 1 10610509 1   794242 0  2489 0  8271831 107/2002 006/2003 004200406
CA  35570630 0  35570630 0  35591000 0  166 0  918 0   69 0    3285.33 1    3531.10 1    8708.66 1    12239.76 1  858938094 1   54164920 1    5956718 1   64332485 1   983392217 1  494086368 1  132573721 1  626660089 1 79447968 1 11576416 1 13721746 1  104758574 1  185912123 1   917330786 1  254467926 1  148644912 1   76699716 1   139164 1    2738621 1    2821277 1    13422 1     156936 1      631 1    2271816 1  149240619 1   35758984 1  198536451 1 1424812 1 1401799 1 78099213 1  5002880 1 12461 1 33445267 107/2002 006/2003 006200408
CO   4441721 0   4391957 0   4516845 0  104 0  138 0   12 0     529.25 1     751.85 0    1717.03 0     2468.88 0  174493819 1     219059 1     423251 1   12205929 1   187342058 1   89269158 0   21549144 1  110818302 1 18134568 0  2673637 0  4004161 0   24812366 0   32227974 0   167858642 1    5461641 1   28963358 1   11709802 0    77104 1     639056 0     751146 0      683 1      28312 0      375 0     568903 1   28090527 1    5712562 1   44446032 1  193576 0  204191 0 15729173 1  1063530 1  2486 0  7518352 101/2003 012/2003 008200407
CT   4178362 0   3460503 0   3460503 0  194 0   50 0    7 0     738.38 1     969.30 1    1588.47 1     2557.77 1  127191495 1    1269058 1    1646826 1   24022686 1   154130065 1   90123568 1   10510029 1  100633597 1 13627971 1  1744680 1  2560292 1   20255758 1   26922125 1   147811480 1   29662597 1   13639318 1   14430146 1    19393 1     585887 1     702410 1     2720 1      30865 1      531 1     559521 1   23152776 1    4319079 1   32217013 1  393253 1  392096 1 11592441 1   934212 1  2213 1  6281397 107/2002 006/2003 009200401
DC    563384 0    563384 0    563384 0    1 0   26 0    1 0     137.00 0     157.00 0     268.00 0      425.00 0   26021886 0          0 0     767995 0    1477976 0    28267857 0   16772815 0    3011891 0   19784706 0       -1 2   195731 2       -1 2    2294229 0    4978440 0    27057375 0          0 0    1346955 0    2536089 0        0 0      65853 0      20079 0       16 0       4465 0        0 0      63434 0    2174109 0    1061632 0    1155260 0    5386 0     146 0   387185 0   135921 0   153 0   260950 010/2002 009/2003 011200402
DE    784956 0    783600 0    783600 0   19 0   14 0    2 0      41.31 1      83.01 0     157.75 0      240.76 0   13077231 0    2518544 0     105028 0    2156536 0    17857339 0    8487793 0    2108475 0   10596268 0       -1 2    51120 0       -1 2    2914278 0    3926426 0    17436972 0    4038146 1    5022558 0    1551707 1       -1 2      70413 1      75826 1       -1 2       5393 1       -1 2      84753 0    3123375 1     445497 1    4791127 1  172166 1  165093 1  1692724 1   163941 0   274 1   487846 107/2002 006/2003 010200402
FL  16791582 0  16791582 0  17071508 0   53 0  434 0   33 0    1732.82 0    2088.19 0    4533.87 0     6622.06 0  387556978 0   33856607 0    2324946 0   19632192 0   443370723 0  189559401 0   51571367 0  241130768 0 47667296 0  5724723 0  8737041 0   62129060 0  100425296 0   403685124 0   82447668 1   46402618 1   31519741 0   474547 1    1675287 1    1646687 1     2581 1      73680 1      434 1    1233617 0   68072686 1   24049718 1   93326233 0  282006 1  292724 1 27395644 1  2746641 1  7053 0 17322414 110/2002 009/2003 012200405
GA   8143129 0   8143129 0   8143129 0   58 0  311 0   23 0     688.89 0     713.07 0    2143.86 0     2856.93 0  121239282 0   30960412 0    1655754 0    7066596 0   160922044 0   85838307 0   23906441 0  109744748 0 17670954 0   580236 0  1963438 0   20214628 0   30154610 0   160113986 0    6325983 0    6325983 0   14904740 0     6967 0     464946 0     491498 0     4192 0      24996 0     1283 0     848392 0   29637136 0    8385032 0   39409250 0  121113 0  119069 0 16095839 0  1355848 0  4731 0  9578581 007/2002 006/2003 013200405
GU    163500 0    163500 0    163500 0    1 0    5 0    1 0       1.00 0       1.00 0      23.00 0       24.00 0     949083 0          0 0          0 0          0 0      949083 0     440347 0     115177 0     555524 0    35171 0        0 0      585 0      35756 0     357803 0      949083 0          0 0          0 0     236965 0        0 0        552 0       1729 0       29 0        473 0        0 0       3345 0      40294 0       8700 0      25262 0       0 0       0 0    17068 0     2250 0    17 0     4762 010/2002 009/2003 066200409
HI   1244898 0   1244898 0   1244898 0    1 0   49 0    1 0     163.00 0     163.00 0     380.55 0      543.55 0          0 0   23558494 0    1208006 0    1978259 0    26744759 0   18224215 0     156188 0   18380403 0       -1 2    77624 0       -1 2    2369146 0    4587581 0    25337130 0      15000 0      15000 0    3186608 0        0 0     240632 0      79051 0       16 0       5343 0      126 0      98334 0    5859152 0     982384 0    6722783 0     319 0     375 0  2427006 0   123005 0   303 0   224775 207/2002 006/2003 015200408
IA   2921983 0   2921983 0   2944062 0  539 0   24 0    6 0     225.03 1     875.76 1     722.80 1     1598.56 1   69868770 1    2166090 1     434366 1    7079137 1    79548363 1   40802154 1    9270616 1   50072770 1  8389733 1   484439 1  3331178 1   12274113 1   14526105 1    76872988 1   15052089 1   18448070 1   11849710 1    18934 1     491715 1     497158 1     1382 1      39371 1     1047 1     967117 1   16152561 1    2061411 1   26816017 1  189373 1  149632 1  9678600 1   905153 1  2539 1  3860164 107/2002 006/2003 019200404
ID   1146221 0   1146221 0   1366332 0  102 0   40 0    6 0      60.59 1     174.97 1     424.71 1      599.68 1   24937741 1     776370 1      77054 1    2607793 1    28398958 1   14114121 1    3852505 1   17966626 1  2694294 1   165179 1   222788 1    3101061 1    6137705 1    27205392 1   19504301 1    4014651 1    3691908 1     6635 1     148160 1     131951 1     4877 1       6679 1       41 1     248366 1    6944454 1    1001057 1    9486284 1   31373 1   38726 1  3934546 1   323334 1   760 1  1361433 110/2002 009/2003 016200407
IL  11284769 0  11283876 0  12419293 0  629 0  164 0   29 0    1724.90 1    2721.68 1    5185.60 1     7907.28 1  465317366 1   31165807 1    2864929 1   46226406 1   545574508 1  265226903 1   48781569 1  314008472 1 54883176 1  6132621 1        0 1   69628561 1   99710496 1   483347529 1         -1 2  141842172 1   42818824 1       -1 2    1870830 1    1926381 1       -1 2     150572 1       -1 2    1944030 1   63851640 1   16689006 1   92624547 1 2159103 1 2105307 1 37967127 1  2568229 1  6847 1 17720861 107/2002 006/2003 017200403
IN   5799559 0   5677977 0   6080485 0  238 0  196 0   37 0     901.77 0    1358.82 0    3258.11 0     4616.93 0  195649390 0   16665041 0     422775 0   14040637 0   226777843 0  120490971 0   29588781 0  150079752 0 27157117 0  2771426 0  6399647 0   36328190 0   61045754 0   247453696 0    4530928 1   73614003 0   24055373 0    10393 1    1268007 0    1356614 0     6500 0      62240 0       19 1    1135794 0   35752386 1    7462875 1   67906265 1   79336 0  102310 0 22027700 1  1615974 0  4866 0  6545825 101/2003 012/2003 018200403
KS   2297073 0   2297073 0   2723507 0  325 0   49 0    5 0     235.78 0     634.42 0    1039.10 0     1673.52 0   73463055 0    1655486 0     351355 0   10455179 0    85925075 0   41873761 0    9323557 0   51197318 0  8613465 0  1487178 0  2049535 0   12150178 0   19471687 0    82819183 0         -1 2    3769381 1   10771202 1       -1 2     407782 1     518614 0       -1 2      24300 0       -1 2     666484 0   13660807 0    2774499 0   23275912 0  326813 1  366716 0  9304300 1   657966 0  2256 0  3307225 101/2003 012/2003 020200404
KY   4055789 0   4055789 0   4092891 0  116 0   74 0   98 0     196.08 0     853.97 0     891.72 0     1745.69 0   82474270 0    4341303 0     693851 0    7341337 0    94850761 0   38145469 0    8436259 0   46581728 0  9406333 0   678547 0  2051869 0   12136749 0   22953299 0    81671776 0         -1 2   15917339 0    8114551 0       -1 2     321114 0     296254 0       -1 2      16375 0       -1 2     607015 0   15081341 0    2219788 0   22746221 0   28399 0   49114 0  6672157 0   798972 0  2061 0  3293466 107/2002 006/2003 021200405
LA   4507119 0   4496334 0   4496334 0   65 0  269 0   28 0     346.00 0     876.23 0    1411.98 0     2288.21 0  114420506 0    5197275 0      87665 0    5999448 0   125704894 0   52111709 0   13479496 0   65591205 0 11418042 0   640411 0  1679719 0   13738172 0   30818327 0   110147704 0    9197096 0   20702758 0   11194675 0     1933 0     258818 0     389808 0     2260 0      30882 0       47 0     707443 0   13298192 0    5293525 0   17771968 0   65010 0   91551 0  5017258 0   809133 0  2380 0  2976857 001/2003 012/2003 022200405
MA   6426675 0   6426675 0   6427801 0  370 0  113 0    7 0    1105.42 1    1724.63 1    2016.28 1     3740.91 1  192784415 1   16780090 1    1109067 1   17622975 1   228296547 1  145056166 1   11529370 1  156585536 1 30242824 1   915649 1  4823788 1   36009810 1   32578155 1   225173501 1   76164924 1   55409588 1   31027487 1       -1 2     975692 1     955202 1       -1 2      85622 1     1440 1     957462 1   35774501 1    5509064 1   49377040 1 2512352 1 2565057 1 18763564 1  1393457 1  4054 1  7446345 107/2002 006/2003 025200401
MD   5379800 0   5368800 0   5368800 0   17 0  159 0   15 0     633.15 0    1197.52 0    1877.36 0     3074.88 0  136587189 0   27188827 0    1562562 0   33775085 0   199113663 0  102540974 0   28438178 0  130979152 0 21747701 0  2938880 0  4743238 0   29429819 0   29765394 0   190174365 0   25238968 0   25947142 0   15329503 0    15482 1     850364 0     547366 0      548 0      33004 0      350 0     472961 0   26955981 1    7392096 0   51229797 0  135095 0  120164 0 20024484 0   879119 0  2816 0  4406017 107/2002 006/2003 024200402
ME   1336719 0   1189468 0   1288753 0  273 0    7 0    0 0     142.36 1     317.99 1     382.73 1      700.72 1   23049796 1     160577 1       3405 1    7413019 1    30626797 1   17440298 1    2703394 1   20143692 1  2618505 1   149372 1   312003 1    4192379 1    6382989 1    30719060 1    5723482 1    5604018 1    6161287 1      770 1     158533 1     174076 1      391 1      11689 1       35 1     361977 1    6167696 1     914256 1    8546854 1   54610 1   70258 1  3200443 1   289798 1  1065 1  1049662 101/2003 012/2003 023200401
MI   9943054 0   9911917 0   9938444 0  379 0  282 0   18 0    1266.07 1    1848.43 1    3034.05 1     4882.48 1  309259241 1   11970900 1     195689 1   26532660 1   347958490 1  147799551 1   44756590 1  192556141 1     3588 1  2493770 1        0 1   39505136 1   76410646 1   308471923 1   42448203 1   53964916 1   32345993 1        0 1    1510350 1    1094607 1        0 1      71853 1       -1 2    1429055 1   42772622 1    7850418 1   60273896 1 1998893 1 2005244 1 22701582 1  1525856 1  6802 1 17329909 112/2001 009/2003 026200403
MN   5430247 0   5033661 0   5033661 0  129 0  228 0   16 0     526.89 0     817.11 0    1691.34 0     2508.45 0  142030020 0    7493074 0     989850 0    9935400 0   160448344 0   88477343 0   24658065 0  113135408 0 14980425 1  1200638 1  3699659 1   20071296 0   25819590 0   159026294 0   42568568 0   39489796 0   15602016 1  1545817 0     796039 1     647993 1     4272 0      38141 0      274 0     720321 0   25193645 1    4757320 1   49552555 1  584756 1  617142 1 20067858 1   858590 1  2907 0  6436420 101/2003 012/2003 027200404
MO   5154937 0   5108984 0   5596687 0  166 0  222 0   30 0     337.53 1     761.47 1    2021.01 1     2782.48 1  149224174 1    4565335 1    1195907 1   18431868 1   173417284 1   73871745 1   18105913 1   91977658 1 19476654 1  1952869 1  6093327 1   27734901 1   36278466 1   155991025 1         -1 2   22147027 1   18669824 1       -1 2     728894 1     591699 1    20180 1      39187 1       -1 2    1111442 1   22851651 1    4108973 1   41873614 1  188699 1  207136 1 16057379 1   869170 1  3267 1  3291079 107/2002 006/2003 029200404
MP     78252 0     78252 0     78252 0    1 0    1 0    0 0       1.00 0       2.00 0       8.00 0       10.00 0          0 0     344612 0     116102 0       4000 0      464714 0     187281 0      48908 0     236189 0     8213 0     2944 0     2070 0      13227 0         -1 3          -1 3      30000 0      29590 0      40540 0        0 0        100 0       3088 0        1 0        101 0        0 0       3736 0     108880 0         -1 3      68977 0      -1 3      -1 3    33196 0     1418 0    20 0    13406 010/2002 009/2003 069200409
MS   2892524 0   2871782 0   2871782 0   48 0  191 0    2 0     128.00 0     479.00 0     764.00 0     1243.00 0   28359661 0    7427397 0     600485 0    2497887 0    38885430 0   19335523 0    5422267 0   24757790 0  3968824 0   376743 0   670672 0    5016239 0    7818757 0    37592786 0    8395695 1   10084537 1    5612801 0      233 0     160874 0     193213 0     7006 1      10722 1       46 0     452618 0    7665649 0    1482726 1    9364829 0    8164 0   22313 0  2493822 1   318600 0  1548 0  1338791 010/2002 009/2003 028200405
MT    900302 0    900302 0    900302 0   79 0   29 0    4 0      36.53 1     182.55 1     140.85 1      323.40 0   15070766 1     382513 1       9135 1    2005569 1    17467983 1    8025578 1    2240977 1   10266555 1  1870670 1    66661 1   218471 1    2161932 1    3392601 1    15821088 1    2186188 1    3097704 1    2661336 1     7864 1      81166 1      78048 1      234 1       5448 1       28 1     192252 1    3517422 1     469708 1    5259358 1   20245 1   29161 1  1791531 1   149280 1   518 1   766948 107/2002 006/2003 030200407
NC   8323375 0   8323375 0   8323375 0   64 0  315 0   41 0     603.38 0     634.63 0    2178.12 0     2812.75 0  129388996 0   15695671 0    1175234 0   10853799 0   157113700 0   80614127 0   21094897 0  101709024 0       -1 2   896423 0       -1 2   21151266 0   26987926 0   149848216 0         -1 2    5384764 1   15620013 0       -1 2     525059 0     464390 0       -1 2      32759 0       -1 2     945685 0   31386770 1    8970632 1   44762235 0   48823 1   55113 1 15724556 0  2108620 0  4165 0  9097816 107/2002 006/2003 037200405
ND    554711 0    551335 0    642200 0   82 0    9 0   14 0      24.61 1     109.96 1     102.72 1      212.68 1    7654281 1     584993 1      45891 1    1129747 1     9414912 1    4694027 1     887603 1    5581630 1        0 1    83891 1        0 1    1798614 1    2010273 1     9390517 1     216376 1    2030089 1    2261251 1        0 1      70306 1      64168 1        0 1       4519 1        0 1     143523 1    2595670 1     386528 1    4166522 1   54765 1   42927 1  1646566 1   103085 1   391 1   727697 101/2003 012/2003 038200404
NE   1391602 0   1386205 0   1711263 0  275 0   16 0    8 0     105.36 1     399.63 1     402.98 1      802.61 1   36930833 1     445278 1     216388 1    2657984 1    40250483 1   19602172 1    4895461 1   24497633 1  5655301 1   520711 1        0 1    7567947 1    6731842 1    38797422 1          0 1    3373641 1    6198574 1        0 1     236945 1     216521 1        1 1      15995 1        0 1     425832 1    7404057 1    1056802 1   12260560 1   34080 1   35415 1  5366676 1   390321 1  1392 1  2380779 112/2002 012/2003 031200404
NH   1396955 0   1279991 0   1291573 0  230 0    7 0    2 0     157.40 1     425.20 1     298.50 1      723.70 1   36431784 1      24846 1      13008 1    3730476 1    40200114 1   22446163 1    4764692 1   27210855 1  4342096 1   335462 1   684963 1    5546600 1    6576673 1    39334128 1    4164740 1    6406886 1    5847517 1    12504 1     203041 1     204103 1     3464 1      15275 1      168 1     376217 1    6062186 1     927834 1    9572956 1   94614 1   95288 1  3993170 1   391563 1  1095 1  2198549 107/2002 012/2003 033200401
NJ   9067035 0   8336427 0   8414350 0  308 0  147 0   13 0    1457.71 1    1464.18 1    3817.06 1     5281.24 1  327234958 1    9134023 1    1414791 1   17501040 1   355284812 1  185128558 1   53756856 1  238885414 1 33806847 1  2709580 1  5507255 1   42442131 1   62192737 1   343520282 1   59186274 1   48440438 1   31291199 1    59776 1    1139101 1     998614 1     2212 1      61989 1     1653 1    1176391 1   42435487 1    7985032 1   52443031 1  605049 1  585761 1 19258098 1  1654040 1  4626 1  9088168 101/2003 012/2003 034200402
NM   1689697 0   1689697 0   1874614 0   90 0   23 0    3 0     116.32 1     259.47 1     366.76 1      626.23 1   28064634 1     576685 1     371911 1    1759892 1    30773122 1   14629504 1    5608900 1   20238404 1  3882804 1   450329 1   744739 1    5084864 1    5849190 1    31172458 1    5068855 1     943305 1    4156594 1    24102 1     133435 1      86283 1      386 1       7822 1      107 1     242463 1    5798199 1    1129350 1    8086240 1   16696 1   21826 1  2719220 1   323354 1   974 1  1140373 107/2002 006/2003 035200406
NV   2296566 0   2296566 0   2296566 0   19 0   66 0    4 0     160.58 0     218.11 0     620.65 0      838.76 0   48600502 0     182541 0     770242 0   15961157 0    65514442 0   30794648 0    8776903 0   39571551 0  7534329 0   809179 0  2798662 0   11142170 0   12305666 0    63019387 0         -1 2     729582 0    3975110 0       -1 2     228807 0     238547 0       -1 2      11825 0       -1 2     169940 0    9440001 0    1537465 0   13463956 0   26465 0   30395 0  4487371 1   525786 0   800 0  1204911 007/2002 006/2003 032200408
NY  18959578 0  18927889 0  18927889 0  751 0  332 0   11 0    3358.37 0    4010.08 0    8295.28 0    12305.36 0  700006375 0   50360236 0    4828322 0  152604180 0   907799113 0  459309646 1  132219230 1  591528876 0 81751109 0  7418922 0 12763700 0  101933731 0  170871854 0   864334461 0   40065256 0   56053207 0   76954261 0    44434 1    4516023 0    2638910 0    13811 0     193528 0     1239 1    2241193 0  105965143 0   26566296 0  129968427 0 3474919 1 3429274 1 42913442 0  3419611 0 10430 0 20474958 003/2002 012/2003 036200402
OH  11353140 0  11353140 0  11353140 0  244 0  476 0   66 0    1889.30 0    2605.11 0    7178.37 0     9783.48 0  139807858 0  452685757 0     527634 0   51414734 0   644435983 0  307040216 0   89070043 0  396110259 0 49643102 1  6049458 1 33405615 1   95165425 1  121069434 0   612345118 1   10569927 0   85744603 0   48434370 0       -1 2    3725626 1    3297946 0       -1 2     130610 0       -1 2    2450475 0   80994041 1   19679690 1  166839639 0 2357780 1 2334016 1 52334655 1  3310732 1  9276 1 27595736 101/2003 012/2003 039200403
OK   2887515 0   2828063 0   3450654 0  112 0   94 0    1 0     197.74 1     603.31 1     561.46 1     1164.77 1   61935971 1    1871235 1      83839 1    3147579 1    67038624 1   31687627 1    8705442 1   40393069 1  8629513 1   294236 1  1060179 1    9991423 1   13262958 1    63647450 1   15446291 1    9156255 1    6631325 1     1081 1     262266 1     253548 1     2110 1      14625 1       16 1     538163 1   13465816 1    2067785 1   17167576 1   36491 1   47079 1  5683902 1   535082 1  1683 0  1783937 107/2002 006/2003 040200406
OR   3178259 0   3178259 0   3504700 0  122 0   88 0   11 0     384.78 0     516.20 0    1166.41 0     1682.61 0  116556144 1     605462 1    1330396 1    9227155 1   127719157 1   59338116 1   24354905 1   83693021 1 11285454 1  1083929 1  2900623 1   15386190 1   28820321 1   127899532 1   26126188 1   61354324 1    8731258 1     5670 1     588133 1     468736 1     8833 1      23299 1      302 1     427399 0   19802605 1    3211714 1   45322153 1 2024036 1 1986724 1 14587356 1  1066327 1  1795 1  7478864 107/2002 006/2003 041200408
PA  12012189 0  11947655 0  12281054 0  453 0  177 0   37 0    1063.69 0    1553.93 0    3078.41 1     4632.34 1  166608137 0   78824443 0    3229137 0   45769742 0   294431459 0  140521497 1   36648425 1  177169922 1 31070576 1  3930028 1  8622401 1   43625719 1   70101893 1   290897534 1   23639378 1   25616128 1   32196461 0    77600 1    2185509 1    1107235 1    21551 1      70960 1      707 1    1532750 1   42346421 1    8333963 1   62060632 1 1402781 1 1377971 1 23321062 1  2097188 1  6710 1 16810750 107/2002 012/2003 042200402
RI   1283193 0   1048319 0   1048319 0   48 0   24 0    2 0     199.40 1     233.80 1     418.38 1      652.18 1   26508874 1    6659729 1     308029 1    9109507 1    42586139 1   22091139 1    5080521 1   27171660 1  3059234 1   303837 1       -1 2    4789555 1    7220640 1    39181855 1    2433275 1    6178189 1    4139412 1       -1 2     121475 1     148979 1       -1 2       7778 1       -1 2     168177 1    6149818 1     945757 1    7264164 1  701533 1  705312 1  2404117 1   203211 1   742 1  1506379 107/2002 006/2003 044200401
SC   4130397 0   4107183 0   4107183 0   41 0  143 0   35 0     378.49 0     505.22 0    1077.29 0     1582.51 0   72631500 0    6458256 0     896555 0    4619151 0    84605462 0   41685939 0   11241970 0   52927909 0 11445875 0   829232 0  2041047 0   14316154 0   16101410 0    83345473 0   25656671 0   14470050 0    8557363 0    34443 0     315062 0     301909 0     1080 0      20802 0      229 1     465991 0   13902675 1    4591316 0   20002819 0   11209 0   38568 0  7651723 0   559637 0  2198 0  4418040 107/2002 006/2003 045200405
SD    668434 0    584172 0    754844 0  125 0   19 0    8 0      36.81 1     137.05 1     195.56 1      332.61 1   15771848 1        800 1      94011 1     923590 1    16790249 1    8570063 1    2213164 1   10783227 1  1805435 1   197530 1   348046 1    2490773 1    2684521 1    15958521 1     476317 1     726894 1    3011103 1    24576 1      79103 1     104552 1       74 1       6271 1        9 1     222352 1    3582464 1     505815 1    5189739 1   41025 1   50382 1  1649658 1   184038 1   738 1  1123501 101/2003 012/2003 046200404
TN   5814551 0   5749398 0   5827222 0  184 0  102 0    2 0     273.18 0     570.70 0    1235.92 0     1806.62 0   80287409 1     400000 1     341691 1    9130276 1    90159376 1   47096185 1    9867077 1   56963262 1  9320772 1  1518125 1  1672247 1   12524771 1   17247912 1    86735945 1   10067052 0   13027637 0   10655865 0        0 1     377289 0     361426 0        0 1      18677 1        0 1     618645 0   18192101 0    4418145 1   23442257 1   35989 1   30994 1  8570889 1   745005 1  2672 0  6505996 107/2002 006/2003 047200405
TX  20275121 0  20275121 0  21779893 0  552 0  289 0   14 0    1492.65 0    2080.61 1    4351.31 1     6431.92 1  324920930 0    4347525 0    1376824 0   13867795 0   344513074 0  179827475 1   50369963 1  230197438 1 41007128 0  2681928 0  6571952 0   50261008 0   51571928 0   332030374 1   38907624 0   27485146 0   38347418 0    97507 1    1549481 0    1454380 0    11819 1      76277 0     6313 1    1816835 0   61465490 1   22805982 1   91975555 1  226007 0  247192 0 35310789 1  3150721 1 10909 1 18330609 102/2002 012/2003 048200406
UT   2318940 0   2318940 0   2318940 0   53 0   59 0   24 0     166.26 0     293.86 0     771.03 0     1064.89 0   59305937 0     785700 0     238916 0    3528818 0    63859371 0   31280040 0   10503516 0   41783556 0  8586360 0   416869 0  2609313 0   11612542 0   11455019 0    64851117 0   10161112 0   13408230 0    6193020 0     5038 0     452145 0     318720 0     4204 0      13884 0        7 0     275485 0   13560869 1    3765030 1   28060993 0   22464 0   24426 0 11592872 1   424416 0  1221 0  6025713 107/2002 012/2003 049200407
VA   7280340 0   7280340 0   7287800 0   78 0  263 0   34 0     798.59 0     954.77 0    2461.91 0     3416.68 0  180789334 0   16057808 0     829281 0    9123752 0   206800175 0  109954237 0   24315909 0  134270146 0 20952907 1  2474697 1  4547727 0   28767228 1   38617156 1   201654530 1         -1 2   17435945 0   19123086 0       -1 2     850772 1     619686 1       -1 2      37415 0       -1 2     908833 0   31869829 1    8479606 1   61748634 0   70954 1   86441 0 21898182 1  1493882 1  3753 0  5237399 107/2002 006/2003 051200405
VI    108000 0    108000 0    108000 0    0 0    5 0    1 0       6.00 0       6.00 0      22.00 0       28.00 0    1691567 0          0 0      96583 0      20000 0     1808150 0     628619 0     214520 0     843139 0   175000 0    20000 0        0 0     195000 0     421696 0     1459835 0          0 0          0 0     180918 0        0 0        213 0        845 0        6 0        230 0        0 0       8544 0      27600 0       1300 0      21843 0       0 0       0 0     9371 0      800 0    40 0    15000 010/2002 009/2003 078200409
VT    664329 0    576814 0    608827 0  187 0    4 0    9 0      47.02 1     183.40 1     126.80 1      310.20 1   10512769 1       8450 0          0 0    4177839 1    14699058 1    8137407 1    1543649 1    9681056 1  1755884 1    66548 1   208322 1    2091067 1    3217195 1    14989318 1    3123170 1    3758958 1    2742368 1       90 1      93021 1      88060 1      207 0       7954 1        3 1     261117 1    3051940 1     484769 1    4104116 1   28701 1   50236 1  1728763 1   208468 1   701 1   626031 101/2002 006/2003 050200401
WA   5972990 0   5972990 0   6098300 0   55 0  270 0   20 0     762.94 0     810.39 0    2441.00 0     3251.39 0  242898723 0    1646197 0     967566 0    8467920 0   253980406 0  128205684 0   32501187 0  160706871 0 24779175 1  3759004 1  4677208 1   34593324 0   48571388 0   243871583 0   96737600 0  101646298 0   17579063 1    21535 1     976305 1     810118 1      778 0      44862 1       35 1     716213 0   32390605 1    6437248 1   62212930 0  168643 1  176478 1 18847785 1  1146517 1  3525 0  7128079 101/2003 012/2003 053200408
WI   5490718 0   5490718 0   5490718 0  377 0   79 0   11 0     622.34 0    1166.39 0    1828.47 0     2994.86 0  163455974 0    4865250 0    1186645 0   12018946 0   181526815 0   90068204 0   31185475 0  121253679 0 13698861 1  1380450 1  3628682 1   23506828 0   32782769 0   177543276 0   20089227 0   20336235 0   19313005 1  1180483 1     976712 0    1104845 0    11309 0      65556 1       43 1    1020726 0   32231209 1    5178441 1   54388204 0 3970485 1 3768295 1 20289448 1  1321051 1  3940 1  8321274 101/2003 012/2003 055200403
WV   1808344 0   1808344 0   1808344 0   97 0   79 0    7 0      87.45 1     324.31 0     308.12 0      632.43 0   16317308 0    8617669 0     343368 0    2219626 0    27497971 0   13117255 0    3700076 0   16817331 0  3198928 0   165917 0   695998 0    4060843 0    5410404 0    26288578 0    1831628 1    2802199 0    4968735 0      325 0     155040 0     157142 0     1074 0       7495 0       20 0     386360 0    6027437 0    1220728 0    7606763 0   19296 1   24803 1  2484112 1   240474 0   931 0  1071977 007/2002 006/2003 054200405
WY    498703 0    498703 0    498703 0   23 0   51 0    3 0      36.05 0     142.98 0     243.12 0      386.10 0   17462326 0      14301 0      61759 0     893010 0    18431396 0    9731193 0    3130455 0   12861648 0  1474770 1    82347 1   403514 1    2032522 0    3089430 0    17983600 0    3552445 0    3581171 0    2467141 0       17 1      99079 0      85091 0      799 0       5239 0       13 1     131692 0    2890000 0     498161 0    4066807 0   23100 0   25043 0  1344712 1   199352 0   432 1   844358 007/2002 006/2003 056200407
