AK     627654    621400    621400   83   18    2      69.09     110.04      180.07      290.11   19483370     951060     654266     968551    22057247    9975095    3319195   13294290    2530283    5448249    21272822    5154841    2026294      72186      66401       6779    137747    3061110     426987    3787520   21599   33131  1399077   144758     260921     915418       1658     0     007/199706/199802199908 0 0 0 0 0 0 0 0 0 0 0 0 0 0 1 0 0 0 0 0 1 1 1 1 0 1 1 1 1 1 1 1 0 1 1 1 1 1
AL    4040214   3898913   4137511  194   79   17     225.35     561.63      836.75     1398.38   44664170    4712922     621446    5558678    55557216   28154318    6051549   34205867    8749746   11406280    54361893   11893201    8284647     204850     147399      17834    561496   13147640    2377183   15464639   24784   41042  5262606   468303     555284     963291       5381     0     010/199709/199801199905 0 0 0 0 1 0 1 0 0 0 0 0 0 1 1 1 0 0 0 0 1 1 1 1 1 1 1 1 1 1 1 1 0 1 1 1 1 1
AR    2440069   2440069   2538303   37  165    9      86.26     215.74      500.47      716.21   25455067    3326872     253837    4407563    33443339   13873071    2865526   16738597    5041474    6640097    28420168    1799305    5080432      75740      55510       9388    362085    5901787    1057510    9642162   20206   21559  2761575   291173     267914     703961       3551   150   14201/199812/199805199905 0 0 0 0 1 1 1 1 1 1 1 1 1 1 1 1 1 1 1 1 1 1 1 1 1 1 1 1 1 1 1 1 0 1 1 1 1 1
AZ    4590662   4569349   4600275   87   79   13     383.40     499.90     1123.90     1623.80   93172644     689914    1935458    2019273    97817289   43132997   10765125   53898122   13757266   21980288    89635677   35042679    8289064     252930     188784      18087    358061   19727217    4902147   28405583   83716   75180  9765203   730861    1298975    5088529      17107     0     007/199706/199804199906 0 0 0 0 1 1 1 1 1 1 1 1 1 1 1 1 1 1 1 1 1 1 1 1 1 1 1 1 1 1 1 1 0 1 1 1 1 1
CA   33234403  33234403  33252000  165  876   54    2978.01    3187.96     7430.51    10618.47  637012668   30646497    8040884   57142344   732842393  341713612   91115824  432829436   78882889  138862084   650574409   30646085   64553624    2390314    1286399     144259   2032156  127459223   35801500  165507066 1022756  798920 64544226  4473413    4297557   14945403      61999     0     007/199706/199806199908 0 0 0 0 1 1 1 1 1 1 1 1 1 1 1 1 1 1 1 1 1 1 1 1 1 1 1 1 1 1 1 1 0 1 1 1 1 1
CO    3965201   3911029   3941969  107  146   14     424.26     654.83     1495.45     2150.28  118841249    2421117     823172    8740006   130825544   59718914   13051213   72770127   19958457   21636847   114365431   17176349   10500580     346696     283433      23607    531078   20845631    5594604   35985059  124682  135602 13490356   807703     765922    2828443        333     0  131501/199812/199808199907 0 0 0 0 0 0 0 0 0 0 0 0 0 1 1 1 1 0 0 1 0 0 1 0 0 0 1 0 0 0 0 0 0 0 0 0 0 1
CT    4001478   3269858   3269858  194   48    6     703.18     859.20     1422.39     2281.59  103736364    1761859     471981   12183126   118153330   71657461    7920445   79577906   16180863   20446529   116205298    9894484   14412705     417173     348557      36034    556427   20374849    4123220   27946311  221479  236397 10428741   791737    1365790    4643181      18210     1     207/199706/199809199901 0 0 0 0 1 1 1 1 1 1 1 1 1 1 1 1 1 1 1 1 1 1 1 1 1 1 1 1 1 1 1 1 0 1 1 1 1 1
DC     521426    521426    521426    1   26    1     110.00     133.00      255.10      388.10   20470647          0    1263853     753246    22487746   12986820    2215268   15202088    2509852    3723055    21434995     102296    2950741     325630       8362       4448     55614    1753816    1203776    1430882    4711     113   498949   120592     222116      11085         44    15    6010/199709/199811199902 0 0 0 0 0 0 0 0 0 0 0 0 0 0 0 0 0 0 0 0 0 0 0 0 0 0 2 0 0 0 0 0 0 0 2 0 0 0
DE     666168    666168    666168   28    3    2      35.05      73.44      133.28      206.72    9006059    1636919     119039    1299906    12061923    5711821    1486849    7198670    1670129    2319515    11188314     773441    1302447      41373      28754       3776     75931    2525785     541892    3632152   83489   79247  1495119    74247      57916     315103        278     3     307/199706/199810199902 0 0 0 0 0 0 0 0 0 0 0 0 0 0 0 0 0 0 0 0 0 0 0 0 0 0 0 0 0 0 0 1 0 0 0 0 1 1
FL   15248375  14976449  15000475   63  387   28    1431.38    1698.70     3801.09     5499.79  258875714   29584539    2549605   11982749   302992607  126610656   43961279  170571935   45306408   62131660   278010003   42538142   26787100     985901     892751      73738   1068053   51734345   25284002   73322530  138956  175000 16931715  2401518    4155178    3172924      74475  1971  247310/199709/199812199905 0 0 0 0 1 1 1 1 1 1 1 1 1 1 1 1 1 1 1 1 1 1 1 1 1 1 1 1 1 1 1 1 0 1 1 1 1 1
GA    7545790   7545790   7545790   57  310   41     612.05     639.05     1979.46     2618.51   91025671   34292145     769898    6442527   132530241   63888063   17413778   81301841   22751981   23234563   127288385   16395480   14556496     421504     314213      27502    937750   22812713    5793542   34027292   17247   28002 12148582  1129687    1185278    1504694      15213    -1    -107/199706/199813199905 0 0 0 0 0 0 0 0 0 0 0 0 0 0 0 0 0 0 0 0 0 0 0 0 0 1 0 0 0 0 1 0 0 1 1 0 2 2
GU     153000    153000    153000    1    5    1       2.00       2.00       24.00       26.00    1264300          0      98117          0     1362417     789205     173570     962775     126606     197434     1286815      26706     208565       1821       2989        595      3345      52014      29155      39712       0       0    26132     5414      14002       1265          3     7     310/199709/199866199909 0 0 0 0 0 0 0 0 0 0 0 0 0 0 0 0 0 0 0 0 0 0 0 0 0 0 0 0 0 0 0 0 0 0 0 0 0 0
HI    1193001   1193001   1193001    0   49    6     159.00     159.00      353.10      512.10          0   18345872     856655    2008152    21210679   15365432      85550   15450982    1686140    3244209    20381331    3031392    3035987     192495      52933       4409    106611    5672021    2358527    7780483      23      59  2669112   157639     104412     754703         55   167   18007/199706/199815199908 0 0 0 0 0 0 0 0 0 0 0 0 0 0 0 0 0 0 0 0 0 0 0 0 0 0 0 0 0 0 0 0 0 0 0 0 0 0
IA    2927686   2862447   2862447  530   26    6     225.15     791.69      682.65     1474.34   53522517    1599883      77607    5439614    60639621   31092981    5977056   37070037   10217206   12173551    59460794   15677859   11517934     368990     286545      38226    878186   14732148    2055449   25658720  121147  112677  9642797   819201     459309    1722581      14515     0     007/199706/199819199904 0 0 0 0 1 1 1 1 1 1 1 1 1 1 1 1 1 1 1 1 1 1 1 1 1 1 1 1 1 1 1 1 0 1 1 1 1 1
ID    1049654   1032731   1228864  101   43    6      51.84     160.15      327.70      487.85   16995567     656236     200594    2511257    20363654    9766354    2641982   12408336    2816761    4194721    19419818    3118376    3299123      89151      74138      11629    245301    5568860     869218    8021304   28595   44682  3392179   294086     186122     637230       1633     0     010/199709/199816199907 0 0 0 0 1 1 1 1 1 1 1 1 1 1 1 1 1 1 1 1 1 1 1 1 1 1 1 1 1 1 1 1 0 1 1 1 1 1
IL   10666271  10666271  10666271  626  156   25    1627.80    2508.61     4761.56     7270.17  342522857   35956542    4108237   43336731   425924367  206721793   33929136  240650929   58484973   68264211   367400113   96067245   40720265    1688988     933158     150704   1891826   57071919   16286229   84607702 1267898 1233938 34457082  2374181    4934316   13252265     282455  3070  159007/199706/199817199903 0 0 0 0 0 0 0 0 0 0 0 0 0 0 0 0 0 0 0 0 0 0 0 1 0 1 1 1 1 1 1 1 0 1 1 1 0 0
IN    5216360   5089694   5544159  238  184   44     834.26    1251.36     2773.82     4024.98  169284257   17646172     319233   12052045   199301707   89652220   18904999  108557219   34037176   50411573   193005968   20747371   22213228     971765     768797      64652   1091051   29622687    7172112   55489889   76240   84192 20632164  1275642    2464148    8791031      48872    23  152701/199812/199818199903 0 0 0 0 0 0 0 0 0 0 0 0 0 0 0 0 0 0 0 1 0 0 0 1 0 1 1 1 1 1 1 1 0 1 0 0 1 1
KS    2111423   2110856   2583178  316   47    5     213.48     349.56     1182.40     1531.96   50412482    1679180     682845    8596202    61370709   29354128    5357519   34711647    9798009   12159280    56668936    6765462    9854759     269966     279522      25957    626516   11457948    2847062   20393861  196662  176721  7897733   494052     438874    1899952      14986  1005   41201/199812/199820199904 0 0 0 0 1 1 1 1 1 1 1 1 1 1 1 1 1 1 1 1 1 1 1 1 1 1 1 1 1 1 1 1 0 1 1 1 1 1
KY    3651328   3651328   3685296  116   75   98     142.69     668.42      764.83     1433.24   51550372    3940605     777120    5797544    62065641   25626426    5489655   31116081    9374641   16203441    56694163    6700353    7507310     200622     143655      14292    617538   11463924    1978767   20138104   20112   31375  5973445   558992     354671    2445052       3960     0     007/199706/199821199905 0 0 0 0 0 0 0 0 0 0 0 0 0 0 0 0 0 0 0 0 0 0 0 0 0 0 0 0 0 0 1 0 0 0 0 0 1 1
LA    4337410   4325369   4368967   65  261   36     326.66     772.42     1220.33     1992.75   84700032    6552592     632278   10908106   102793008   37608994    7981998   45590992   10694866   26635245    82921103    8221092   10372264     153652     208543      28047    692946   12571602    3314928   18743292   40708   77083  5539082   744535     159993    6746878       5283   953  148701/199812/199822199905 0 0 0 0 0 0 0 0 0 0 0 0 0 0 0 0 0 0 0 0 0 0 0 0 0 1 0 0 0 0 0 0 0 0 0 0 0 0
MA    6091219   6091219   6092352  371  119   12    1042.03    1609.73     2057.67     3667.38  145507075   16322005     702303   12269339   174800722  117232379    2529814  119762193   29600792   25218904   174581889   48885580   29710821     636628     495200      82616    942293   29620304    5730963   46838202 1219495 1255983 18268956  1285682     590690    4873905      20898     0  151207/199706/199825199901 0 0 0 0 1 1 1 1 1 1 1 1 1 1 1 1 1 1 1 1 1 1 1 1 1 1 1 1 1 1 1 1 0 1 1 1 1 1
MD    5102200   5102200   5102200   17  170   17     613.61    1068.61     1685.83     2754.44  107798695   19773907    1925903   23263173   152761678   80047974   19266375   99314349   24310722   25035850   148660921    7392952   14657446     666562     336602      30295    448964   18462151    7771940   45645424  107586  147623 18283225   675382    1472105    3423436       1587    -1    -107/199706/199824199902 0 0 0 0 0 0 0 0 0 0 0 0 0 0 0 0 0 0 0 0 0 1 1 1 0 1 1 0 0 0 1 0 0 1 1 0 2 2
ME    1153871   1032224   1244250  269    7    1     118.10     250.83      307.53      558.36   16186236     360815          0    6646323    23193374   12451164    1488059   13939223    3389488    4756170    22084881    3887214    5543432      95092      83605      11839    333257    5155186     861919    8167224   36326   43768  3137244   216585     195858     376868       1511     0     001/199812/199823199901 0 0 0 0 0 1 0 0 1 1 1 1 1 1 1 1 1 1 1 1 1 1 1 1 1 1 1 1 1 1 1 1 0 1 1 1 1 1
MI    9316886   9269020   9295297  376  273   19    1167.03    1665.18     2555.72     4220.90  205422517   14673552    1043813   17667940   238807822  107141795   29124949  136266744   29928431   52222433   218417608   36951712   25621912     983328     617393      73459   1319925   37830613    8054748   50806373  662891  679890 18306601  1266463    1527759    6048831      58234     0     011/199609/199826199903 0 0 0 0 0 0 0 0 0 0 0 0 0 0 0 0 0 0 0 0 0 0 0 0 0 1 1 1 1 1 1 1 0 0 0 0 1 1
MN    5621585   4735830   4735830  121  240   16     449.51     724.50     1632.44     2356.94  113725284    7809894     721788    8950972   131207938   70202250   15986842   86189092   18654960   24848069   129692121   22679031   15024033     544104     349007      42931    717549   21715220    5609644   43200405  367305  330533 18248767   856724     669942    3358037       6961  1637  123201/199812/199827199904 0 0 0 0 1 0 0 0 0 0 1 0 0 0 0 0 0 0 0 1 0 0 0 0 0 1 1 1 1 1 1 1 0 1 1 1 1 0
MO    4736530   4720425   5438559  154  223   49     356.14     688.80     2042.88     2731.58  111995861    2094482    1263630   15638129   130992102   54843588   11066788   65910376   22098042   20102313   108110731   13483180   22408947     614869     344112      61548    846476   21696732    4588138   40422917   90867  108468 15458227   834566    1701438    2382734      12361     0   84201/199812/199829199904 0 0 0 0 1 1 1 1 1 1 1 1 1 1 1 1 1 1 1 1 1 1 1 1 1 1 1 1 1 1 1 1 0 1 1 1 0 1
MP      58846     58846     58846    1    2    1       2.00       3.00       12.00       15.00          0     362000     106288      34282      502570     201919      52751     254670      79279     168621      502570      16290      39687        307       2822        186      4660     171404       4880     104086       0       0    57247     7170       9993      14679         44     1    1310/199709/199869199909 0 0 0 0 0 0 0 0 0 0 0 0 0 0 0 0 0 0 0 0 0 0 0 0 0 0 0 0 0 0 0 0 0 0 0 0 0 0
MS    2736614   2716115   2716115   48  192    2     126.00     407.00      692.00     1099.00   22681994    5578289     164732    2632569    31057584   14867480    3695990   18563470    4155388    5599373    28318231    1669291    5523558     123088     127646      12914    424349    7053185    1158698    9059775   10884   24724  2545180   347259     186458     960325       5406   453   92210/199709/199828199905 0 0 0 0 0 0 0 0 0 0 0 0 0 1 1 1 0 1 0 0 0 0 0 0 0 1 1 0 0 0 0 0 0 0 0 0 1 1
MT     854533    854233    854233   79   28    3      38.18     138.19      155.49      293.68   11250552     346677     203735    1336212    13137176    5913118    1276278    7189396    1574644    2779311    11543351      97841    2564512      46029      40640       5434    169917    3268435     454284    4986109   22924   33736  1727405   123619      67957     550205       1257     0   31007/199706/199830199907 0 0 0 0 0 0 0 0 0 0 0 0 0 0 1 0 0 0 0 2 0 0 0 0 0 1 1 1 1 1 1 1 0 1 0 0 0 1
NC    7431161   7431161   7431161   63  303   45     581.33     615.53     2037.38     2652.91   99001085   16051512    2205764    7983852   125242213   61058135   13247312   74305447   21044311   22967428   118317186    5624707   14891526     370981     279722      35039    964994   27229311    7181442   42395380   66995   57964 15425308  1829465    1009264    2065721      53258  1090  125907/199706/199837199905 0 0 0 0 0 0 0 0 0 0 0 0 0 0 0 0 1 0 0 0 0 0 0 0 0 1 1 0 0 0 0 0 0 1 0 1 0 0
ND     569445    545425    638800   79    7   13      22.00     104.14       90.36      194.50    6050958     532658      24266    1168294     7776176    3809907     521225    4331132    1345600    1670609     7347341     215800    2097775      53653      31260       4194    130983    2337970     378164    3958501   37657   30525  1654965   308579      76744     165123       4458   129   13101/199812/199838199904 0 0 0 0 0 0 0 0 0 0 0 0 0 0 0 0 1 0 0 0 0 0 0 0 0 1 1 1 1 1 1 1 0 0 0 1 0 0
NE    1406495   1403058   1580976  235   15    9     101.38     432.64      310.90      743.54   28689847     338893     179527    1593875    30802142   15003882    3110932   18114814    5447305    6456285    30018404    2830203    5391047     159376     124033      15695    385995    6474713    1059137   11304491   20212   24611  5060049   320507     574860     952562       9350     1     107/199706/199831199904 0 0 0 0 0 1 1 1 1 1 1 1 1 1 1 1 1 1 1 1 1 1 1 1 0 1 1 1 1 1 1 1 0 1 1 1 1 1
NH    1278497   1176558   1185000  228   10    2     145.65     403.34      277.42      680.76   25067166      72441      96351    3411232    28647190   15967963    2580968   18548931    4518210    4719918    27787059    5497506    5267440     137016     112419      14962    354876    5445037     888790    8802582   74514   74886  3521081   340023     189086     380302       2460   377   30507/199712/199833199901 0 0 0 0 1 1 1 1 1 1 1 1 1 1 1 1 1 1 1 1 1 1 1 1 1 1 1 1 1 1 1 1 0 1 1 1 1 1
NJ    8746639   8041454   8115011  307  146   15    1441.50    1449.50     3711.50     5161.00  248911918   10437521    1969716   15794365   277113520  147697704   35630286  183327990   35330704   48499848   267158542   24649245   30096307     888912     544383      70330   1144259   38941963    7906041   47352020  368440  393138 17625297  1497628    2503524    8302695      28655  2027  203101/199812/199834199902 0 0 0 0 1 1 1 1 1 1 1 1 1 1 1 1 1 1 1 1 1 1 1 1 1 1 1 1 1 1 1 1 0 0 0 0 1 1
NM    1428198   1428198   1715000   72   22    4     113.18     220.34      356.33      576.65   23517197     379793     430102    1319826    25646918   12070589    3363563   15434152    4498275    4474373    24406800    7282105    4138059      84109      49171       7712    203378    7332102    1107025    8063735   14555   23431  2838787   264902     201766     466812       3329     0     007/199706/199835199906 0 0 0 0 1 1 1 1 1 1 1 1 1 1 1 1 1 1 1 1 1 1 1 1 1 1 1 1 1 1 1 1 0 1 1 1 1 1
NV    1781179   1779850   1779850   27   55    3     133.94     176.00      527.30      703.30   40210729     856171    1911028     685721    43663649   18785336    4528243   23313579    7146741   10224750    40685070    6014692    4046125     146438     110964       7348    159767    5985156    1906029    8882701   13398   17559  2771621   609178     122373     824401      18813     0     007/199706/199832199908 0 0 0 0 0 0 0 0 0 0 0 0 0 0 0 0 0 0 0 0 0 0 0 0 0 0 0 0 0 0 1 1 0 0 0 0 1 1
NY   17916606  16714123  17990764  751  326    9    3373.17    3819.26     8546.10    12365.09  569848045   51021918    3481469  105860611   730212043  374704930   78932747  453637677   97038114  143974380   694650171   73286960   77120932    4065628    1579662     247009   2212640  102843410   30968685  123539984 1501337 1646653 40291205  3337600    4525354   12902293      99754     0     003/199712/199836199902 0 0 0 0 0 0 0 0 0 0 0 0 0 0 0 0 0 0 0 0 0 0 0 0 0 0 1 0 0 0 1 0 0 0 1 0 1 1
OH   11209493  11209493  11209493  244  459   64    1803.97    2582.25     6585.85     9168.06  115598798  426970402    1559311   65486938   609615449  232998936   54619616  287618552   90392116   96314534   474325202   57295506   44766042    2905413    1853214      86949   2520882   61211672   16008579  139653692  821404  886548 46550231  2738471    5210306   12273992      61149    -1     001/199812/199839199903 0 0 0 0 0 0 0 0 0 0 0 0 0 0 0 0 0 0 0 0 0 1 1 0 0 1 1 0 1 1 1 1 0 1 1 1 2 2
OK    2734946   2725313   3295315  115   97    5     192.30     480.90      504.70      985.60   42921109    1787387     431217    3912388    49052101   22625323    5532049   28157372    7092568    8591001    43840941    2555699    5916365     107315      93733      16219    564642   11116330    1883448   16113972   37326   48982  6153453   529560     262536    1173804       1484     0     007/199706/199840199906 0 0 0 0 1 1 1 1 1 1 1 1 1 1 1 1 1 1 1 1 1 1 1 1 1 1 1 1 1 1 1 1 0 1 1 1 1 1
OR    3054480   3054480   3217000  126   80    9     298.43     418.66      924.08     1342.74   76023374     621864     505288    7678930    84829456   39578293   11548932   51127225   10697823   16399639    78224687   10200109    7752327     333928     220459      18465    356975   12739275    2227437   31181522 1087275  997912 10346139   599722     397906    2000541       7883     0     007/199706/199841199908 0 0 0 0 1 1 1 1 1 1 1 1 1 1 1 1 1 1 1 1 1 1 1 1 1 1 1 1 1 1 1 1 0 1 1 1 1 1
PA   11669429  11635227  11888946  455  195   34     980.86    1449.48     2719.78     4169.26  131960962   34524183    2470217   39909735   208865097  102186533   26635068  128821601   30171126   48997719   207990446   24311847   25734318    1461889     478872      51492   1421375   38317766    7701859   56104962  574325  448462 21552507  1732406          0   10359277       7529     0  246801/199706/199842199902 0 0 0 0 0 0 0 0 0 0 0 0 0 0 0 0 0 0 0 0 0 0 0 0 0 1 1 0 0 0 1 1 0 0 0 0 1 1
RI    1209365    998003    998003   48   24    2     179.66     205.40      365.50      570.82   19720967    2382123     131058    5929152    28163300   15577669    2899135   18476804    3588217    5446883    27511904    5129088    4126006      86294      77834       7446    163228    5104930     844777    6551852  487418  452569  2304778   165043      85885    1342677       3139     0     007/199706/199844199901 0 0 0 0 0 0 1 1 0 0 0 0 0 0 1 1 0 1 1 1 1 0 0 1 0 1 1 1 0 1 1 1 0 1 0 1 1 1
SC    3861246   3835962   3835962   40  140   36     351.02     470.56      902.61     1373.17   52492341    4888553     937573    3321983    61640450   29258425    7285406   36543831   11656270   12213558    60413659    8437042    7414791     191975     146842      18935    431185   11583608    4434599   17083359    8436   38676  6584106   505725     704004    2762696      11232   647   58907/199706/199845199905 0 0 0 0 0 0 0 0 0 0 0 0 0 0 0 0 0 0 0 0 0 0 0 0 0 1 0 0 0 0 1 0 0 0 0 1 0 0
SD     524932    519409    696004  111   18    8      33.43     118.14      173.21      291.35   11196780       8228     233209    1012401    12450618    6066766    1279149    7345915    1896630    1804147    11046692    1254893    2572384      37917      45092       5802    186506    2622864     458827    4601889   22516   40740  1643137   146163      78723     382515        660     0     001/199812/199846199904 0 0 0 0 1 1 1 1 1 1 1 1 1 1 1 1 1 1 1 1 1 1 1 1 1 1 1 1 1 1 1 1 0 1 1 1 1 1
TN    8560925   5335068   5335068  142  146   16     275.13     575.47     1088.53     1664.00   52685967    6340101    1800757    3872896    64699721   33071088    6167671   39238759    9085905   15250212    63574876   17592297    8610705     252992     235008      18718    601727   15254291    4843048   21369765   33610   31879  7300224   596933     430320     424796       6456     0     007/199706/199847199905 0 0 0 0 0 0 0 0 0 0 0 1 0 1 1 0 1 0 0 0 0 0 0 0 0 1 1 0 0 0 1 0 0 1 0 0 1 1
TX   17793087  17793087  19128261  522  269   20    1352.80    1864.91     3956.47     5821.38  234976625     613395    1555767   11586886   248732673  131415201   31204864  162620065   38415048   42856687   243891796   30358436   35737201    1166661     738977      79810   1634459   51945195   17145240   77302651  199554  219115 28348195  2744438    2231416    5749578      63930     0     001/199712/199848199906 0 0 0 0 0 1 0 1 0 0 0 0 0 1 1 1 0 0 0 0 0 1 1 1 0 1 1 1 1 0 1 1 0 1 1 1 1 1
UT    2006043   2006043   2006043   50   53   26     139.67     257.60      625.63      883.23   44704888    1014631     236691    2737750    48693960   22750393    7316532   30066925    9435560    8789146    48291631    2442091    5454435     268498     156795      11860    253540   10297539    2147001   19435587   15554   21339  8176288   276259     268639     942218      13905     0     007/199712/199849199907 0 0 0 0 0 0 0 0 0 0 0 0 0 0 0 0 0 0 0 0 0 1 1 0 0 1 1 1 1 1 1 1 0 0 0 1 1 1
VA    6686437   6686437   6791345   80  237   38     718.91     863.26     2246.77     3110.03  134334976   14143113     960561    9918676   159357326   83273058   17499889  100772947   23956419   28962547   153691913   10447134   17326911     638268     323900      40952    844928   29858494    7060473   51010198   66760   82395 18488488  1092344    1560811    1562861      11174    -1     007/199706/199851199905 0 0 0 0 0 0 0 0 0 0 0 0 0 0 0 0 0 0 0 0 0 0 0 0 0 1 1 0 0 0 1 1 0 1 1 1 2 2
VT     601849    545000    590000  193    2    0      39.66     153.08      119.39      272.47    7789069      14799          0    3779002    11582870    5565879     869167    6435046    1705709    2293783    10434537    2276242    2704878      54163      37324       7829    237001    2712774     409701    3786702   19726   49128  1591559   123080      65582      89286       2901   100   24307/199712/199850199901 0 0 0 0 0 1 1 1 1 0 0 1 1 1 1 1 1 1 1 1 1 1 1 1 1 1 1 1 1 1 1 1 0 1 1 1 1 1
WA    5497586   5496888   5685300   58  254   17     650.84     707.53     2089.86     2797.39  184343222    1364305     227298   10576411   196511236   98248643   25497535  123746178   25564555   31208120   180518853   15941021   14634490     764487     492204      45966    656567   19558906    9143912   53572748  144933  151832 16082457   865924    1272021    4625922      16386    -1     001/199812/199853199908 0 0 0 0 0 0 0 0 1 1 1 1 1 1 1 1 1 1 1 1 1 1 1 1 1 1 1 1 1 1 1 1 0 1 1 1 1 2
WI    5234350   5234350   5234350  378   78   13     598.95    1111.92     1675.50     2787.42  125252668    4885938     529178    8747090   139414874   71029458   22078620   93108078   20123595   23586950   136818623   22638207   17822129     666617     568496      56030    972074   28621947    6123363   47094726 1757341 1680988 18374567  1122308     915784    3664243      22958  2853  275201/199812/199855199903 0 0 0 0 0 0 0 0 0 0 0 0 0 0 0 0 0 0 0 0 1 0 0 1 1 1 1 1 1 1 1 1 0 1 1 1 1 1
WV    1793477   1793477   1793477   97   75    9      68.80     220.26      369.08      589.34   13380111    6689979     251552    1767712    22089354   10320393    2513312   12833705    3406123    4400918    20640746    1514994    4939457     120649      81034       7787    350532    5691931    1533321    9104539   33319   42857  3180192   238657     101028     301980       3498   259   30007/199706/199854199905 0 0 0 0 0 0 0 0 0 0 0 0 0 0 0 0 0 0 0 0 0 0 0 0 0 0 0 0 0 0 1 1 0 0 0 0 1 1
WY     486910    486910    486910   23   52    4      31.63     141.51      195.92      337.43   11536684       6948      93047     984399    12621078    6606767    1800425    8407192    1426335    2100475    11934002    1773510    2286591      63394      44937      12527    124458    2500262     475690    3805138   19254   23460  1327153   141350      50247     224004        936    -1    -107/199706/199856199907 0 0 0 0 0 0 0 0 0 0 0 0 0 0 0 0 0 0 0 0 0 1 1 0 0 0 0 0 0 0 0 0 0 0 0 0 2 2
